0.36079433646784786 -0.2051417812464817 1
-0.0771661768918829 0.8463668075790087 0
1.6160458312402448 -0.3346004696949747 1
0.9027802873195445 0.540574632770272 0
0.08931468449069585 -0.007038242092462392 1
0.08492772356491311 0.9344488414896769 0
1.150501640851787 0.25930577447561315 0
0.7099230599464278 0.6040557146866494 0
-0.6223278387373262 0.7754084540238221 0
-0.16096276123742448 0.8689307066511697 0
0.9197389802663151 0.5146393616941685 0
0.4784760479910609 -0.39877761906594383 1
0.8476892032976889 0.3426352374201028 0
0.897076262321951 0.27797047688210325 0
0.09312473476274707 0.921421420593051 0
1.8802429333418764 0.03312609891523052 1
-0.17145889885694787 0.9966054157626876 0
-0.5078719552912278 0.9401394476378244 0
0.5662660087572845 -0.3844202342304965 1
-1.1044047638149042 0.18355322443749603 0
-0.33037536728679323 1.0677262480035927 0
0.8607424583249473 0.13489236742725103 0
0.2194428225171383 1.0623960134491244 0
-0.10406010653585238 1.060112486526889 0
0.7074296534447749 0.7786335536760386 0
1.8452162594788308 -0.07888316890931418 1
1.6524134865745086 -0.3238899331691877 1
1.3770840506254216 -0.3687694394454488 1
0.48576611121388374 -0.2369400268851078 1
0.6031126592319108 0.9746799573034287 0
0.9123870487907253 -0.0904800371921855 0
-0.038639902440724364 1.0567659469088 0
-0.7648388236874234 1.0634960055965141 0
1.421546665231244 -0.38953759481531597 1
0.8494527985704551 -0.5227074960103055 1
0.2122839031860486 0.2442988404545502 1
1.1289789048131753 -0.5861401916981019 1
1.8964353573096069 0.10462291423794534 1
1.7114449570565382 -0.004035674257475828 1
-0.40284294832812606 0.8302326073668375 0
-0.0003496577858774618 0.8573553197819566 0
1.2695126663662626 -0.6111787830085428 1
0.9038831008750069 0.5181166748284948 0
0.17496169237470857 0.8909234034483433 0
0.3854561184441285 -0.3727325158353037 1
1.8545429463510363 0.11307687942592644 1
1.8526491936093261 -0.2807982050996556 1
0.03674893754659462 0.18850305596140493 1
0.22575764033400259 1.0577962941136745 0
1.5881618659838648 -0.19256666600310912 1
-0.2465320326950748 0.991717030931146 0
1.9209448161936973 0.17516602749296803 1
-0.2609612527200914 0.8894620778138225 0
1.9848423817700105 0.0010749450050903664 1
1.008913655092441 -0.3339924046543514 1
0.6597582190773204 -0.5468946184592882 1
0.5567773128962743 0.9675835017361807 0
0.07931990492996137 0.05969593392782674 1
1.9060973447967764 0.34281767095969945 1
-0.5145792650086648 1.0274534379759626 0
-0.6850107943628715 0.8194925093125536 0
2.032836711869398 0.36062434258986936 1
0.1040661150161511 0.41918862057665324 1
1.1745518076559345 -0.4508142167114732 1
1.8576270485408775 -0.2611891157572405 1
1.865914883403664 -0.02036753260260135 1
-0.19899378172732674 0.9352641829669782 0
0.916283356232626 -0.25000473672102796 1
0.732069739371649 -0.4872655989713563 1
1.7219452677294278 -0.1217358330771415 1
0.27545746351512246 0.8729376363026142 0
-0.09594904817802238 0.2104271601498857 1
0.5173178708880504 0.842031310404263 0
-0.8713595451713922 0.18822224685883535 0
1.489199703033261 -0.5210486085133631 1
0.09358873001088448 1.0216654830461627 0
-1.0566597764511072 0.3367037572571292 0
0.39804988750385706 -0.17538013649305234 1
-0.9230898525033164 0.3844793824120173 0
0.15944601578543965 -0.040682728534874035 1
-0.9801131223657922 0.45839974145781515 0
0.7793390577796379 0.5366933298319609 0
-0.25302470424007284 0.9600343139597911 0
0.6224650343612698 0.7746417446758959 0
0.3188149276412652 0.984407846925226 0
1.71574751576296 -0.3363313919335871 1
0.8837727974698575 0.4321633691473088 0
0.3177911403381113 -0.017173808456506928 1
1.943633389360144 0.010874617080541271 1
1.5740417183224047 -0.33785799440372866 1
2.061102262581999 0.31197733111635056 1
1.3098193217047835 -0.44970536099903463 1
0.8585769832823583 0.693356700742395 0
1.2129982348629291 -0.45360334228603716 1
0.37034595205118387 0.7567551473214278 0
0.9142744627796289 0.14551988418799477 0
1.6053443146052861 -0.45189025734795374 1
1.931376482159128 0.4313483089777848 1
1.4291900279334415 -0.6352519454802944 1
0.6667784968610684 0.9899585397010568 0
0.2899027021544912 0.948347980880924 0
0.04390043121897988 0.23769400283209266 1
1.2430788604291594 -0.5161150378334288 1
0.9867765702388742 0.1448772901790063 0
-1.0853313223398893 0.11156335736403922 0
-0.6082578716422608 0.8809475457938796 0
0.7233726890996892 -0.6063093187007291 1
0.07536345055115233 0.3168577833181922 1
1.7620524546818286 -0.14570237019474386 1
0.777885574852791 0.5727813260997365 0
0.21721566793650646 1.1250794598060323 0
-0.7453856018114701 0.9181611387878911 0
-0.47345946722004484 0.6526095432106089 0
1.8433079700862067 0.46409629197137336 1
0.3784037393192101 0.9720498703864358 0
0.26148307878397187 0.9853346606636648 0
0.16290640634445488 -0.28041671664375606 1
0.2975698753024998 -0.10526513224853815 1
-0.7984131918867269 0.5032209581352944 0
-0.9813568061521094 0.40786954860779856 0
-0.6787752990224948 0.6963953711682311 0
0.008328764793038708 0.4068434579502336 1
1.5571262729274737 -0.4281634905711272 1
1.8349430099284094 0.4423406591117208 1
0.1161888911557089 -0.12819402549379033 1
0.0416154009650402 0.30194879514737205 1
0.8924304591876777 0.27874616479328684 0
0.8602490096965022 -0.5617903601091829 1
1.1818141018187769 -0.5897069019754155 1
1.1630771664670654 -0.4930174038941998 1
-0.70883857081971 0.7871054675874146 0
0.9269550212322771 0.30961949641165665 0
0.1634793346726047 0.4036703366173135 1
-0.12884792633542522 1.0115474633460082 0
1.5024454335008623 -0.5177275124731561 1
-0.8933267443024717 0.5042610363929259 0
0.41043406636598717 0.9219276596602898 0
-0.8054423750441744 0.8441547015610104 0
1.7872680514083474 0.5816907268185398 1
-0.9242932316827345 0.28663708666027454 0
0.37650750918499915 -0.1414865191474255 1
-0.3874758953911475 0.7031029505530009 0
-0.8622496537310107 0.5873731603059995 0
1.8017834063772826 0.05398356814323908 1
0.16697253951539115 -0.053514760668302463 1
0.1443595175597105 0.17829300511164722 1
0.8912219657815901 -0.4281349237881334 1
1.9460164938375053 0.35614833885821273 1
0.903553086167101 0.1881887788006384 0
1.9798848367926656 0.07237207662072898 1
-1.0660783299006948 0.14908667448937632 0
0.8826819301787286 0.4977822753160898 0
0.11519931751841912 0.14585957584665404 1
1.102789568346633 0.16425050863304907 0
0.1378121884729422 0.4335834621324677 1
0.7274392167118092 -0.4011543157125994 1
2.002059165351178 0.17491391367531794 1
0.8469660832903058 -0.4897648053864637 1
1.7498801694664456 -0.188077060761074 1
1.7662978858718599 -0.194457995514899 1
0.7483043373232946 -0.42644786991124156 1
-0.41904048855183923 0.9146221879545381 0
0.9412181251582991 0.33867247702922576 0
1.8933962624758616 0.17892330162986114 1
1.60013194155257 -0.0911040638089761 1
-0.6269846561796971 0.6865602637084947 0
1.4280382059573458 -0.3723446058664268 1
0.17546567218103076 -0.18361239361606901 1
0.4772097418002128 1.1364962086409394 0
1.1103576193082971 0.3252788086127276 0
1.20745769278184 -0.45920435099380597 1
-0.7523702461044779 0.583402889958406 0
1.0476378342933133 0.3790884143382178 0
-0.7720415164468927 0.5156822957175615 0
1.7877338089980517 -0.1789075822263143 1
2.0724746387242265 0.2377569945267376 1
0.1542133533691082 1.0025436433987096 0
0.45440095324023827 0.8335736424336903 0
0.9548724299402113 0.5245251915499398 0
1.7966642950452587 0.5344299409334278 1
0.4147111348801558 1.012901602363053 0
0.46250494781554813 -0.1368422798440492 1
-0.9701634941613808 -0.013384413775075927 0
1.1430390810615942 0.38201019889822807 0
0.7644193744477673 0.9053248282129325 0
-0.04504091984563394 0.7300759390810421 0
-0.9577618268271519 0.6371809999794519 0
1.8720876739628767 0.30103607710074687 1
1.3560267533203703 -0.5564924707984421 1
1.5486086744011744 -0.13589824502468775 1
0.1108752785487106 0.9953687347050789 0
0.8908372122069592 0.25635362712824494 0
1.9014001999763575 0.3600567053676288 1
-0.9099688055109962 0.29942567009271315 0
1.8337476936864072 -0.16799791197285757 1
1.4844046509059894 -0.1916825928336318 1
1.7746570340832168 -0.10238010764673514 1
1.8443784020118192 -0.2015709916112542 1
2.0260022385359377 0.27485418150303265 1
-1.0586885904545908 0.5630976380115822 0
-0.6981421661805098 0.8220051483897137 0
-0.9908470185787465 0.35315603601265255 0
-0.826463238137965 0.7127488332662248 0
1.1844672545182968 0.31000889326453274 0
-0.7992894804496211 0.5367122314271443 0
-0.6628966645576033 0.8573941971238216 0
0.6891875137280308 -0.5014130508367947 1
0.8033880514670618 -0.6852285574009668 1
0.3380359525784693 -0.288911345150573 1
0.5252045021758361 -0.34041015929052243 1
0.05998887959469612 0.2966376079427831 1
0.11538626164250629 -0.03422341258926893 1
1.5121718838942082 -0.3009505435926388 1
-0.03684648250154551 0.37185212977055376 1
0.4297424483275673 0.8133982733258053 0
0.5141491055190752 0.7561053967304058 0
0.16699733130155353 -0.2195021006930944 1
2.0219123848490566 0.3418262151932694 1
-0.35216025032912845 0.7900508960488566 0
0.8205949307611964 0.29543822314533674 0
-0.03484242405986748 0.0988406195909192 1
0.48296425065617943 -0.367986889781775 1
1.7831909227101552 -0.15050933116783705 1
-1.0500350209275695 0.15363747302972225 0
0.022498675145617486 -0.2136814955700445 1
0.45766127621890185 -0.29150763195616974 1
1.302457009953647 -0.45228555137780807 1
-0.5190391709219777 0.9206650707340139 0
-0.035048020046305216 0.40205028983309143 1
1.3048906574334218 -0.3258895550878429 1
-0.5908415385636197 0.6165017375888816 0
0.337413300911449 -0.06417667583535469 1
0.17799982003279197 -0.23234734926117317 1
0.13619688091552534 -0.10121370729162377 1
0.13049762308706425 -0.009792775637467742 1
0.6920405509597091 0.7652505737712686 0
1.9319610368227338 0.13362766625101072 1
0.7493424103216808 0.4564362043930761 0
1.2651267538919737 -0.5979773986086558 1
-1.0455982837371383 0.31364297519435863 0
-0.18365413224767888 1.1001311041800201 0
0.8899118177074908 -0.5200415133481459 1
1.9051471099016066 0.45276388417447544 1
-0.8379661472729267 0.27431929347010175 0
-0.9466194873255391 0.15534622434280443 0
0.4994402074477974 0.8532480714367908 0
1.787121089260141 -0.2074641886189693 1
1.5721057390640405 -0.5177656057751117 1
1.451995370950773 -0.3948581234730267 1
0.2524989378387914 -0.09116470333871501 1
1.880634556715466 -0.06833828138567868 1
-0.8117266180002558 -0.0011475418752339983 0
0.15914027897861024 -0.12567484963034184 1
0.10563434460075395 0.33004925317968126 1
0.5177220570856672 0.7526022925651923 0
0.11984937997473702 1.015479944957345 0
0.12326134880812348 -0.0014327001516779292 1
0.3700237637775743 0.961373437312779 0
0.23546602397916305 -0.0775892345716688 1
1.8523653763562111 -0.025918694722948585 1
0.8079810436783301 -0.49666534699391546 1
-0.3783367636071398 0.8694230501557021 0
0.8250145292290334 0.7342420068812228 0
0.12722485043904336 0.05050373342502151 1
1.2008887165496887 -0.5987122783879337 1
0.944465730608915 -0.5019878585322768 1
-0.23443791148668447 1.18855382894137 0
-0.46287803582587905 0.9210474807440552 0
1.0051272614952962 0.4086332478416101 0
-0.8333847855414559 0.5694432851139695 0
0.8753743880774486 0.3531977361258125 0
-0.8359307138807768 0.5090154291878993 0
-0.5251066093293033 0.7877444962541538 0
0.6945165363623005 0.6940067901427015 0
0.24430540297535383 0.994663068266097 0
-0.6082274380935511 0.9221236928732783 0
-0.03446966584618973 0.42106049125888095 1
1.6506320917065513 -0.3582847859117747 1
-0.9485291087294514 0.3730912241857387 0
-0.7870050856323847 0.2923756767143782 0
0.21180454399552218 0.018402554977404256 1
0.188584498987878 0.8823051043626282 0
-0.42081515791602103 0.9045351970066434 0
-1.0078166332429168 0.3577751373446464 0
0.7614579561048284 0.6675029579067825 0
0.9401008871071798 0.2066845654969832 0
0.1809687314035245 0.9436188281978083 0
1.8413698154419267 0.002585695886901322 1
0.14192195037754077 -0.03318673432040982 1
0.16077881045618153 0.09902434480961524 1
-0.9893650716005105 0.036896274971227966 0
0.41633749367872225 1.0692608993018573 0
-0.8842609084572977 0.5364941567906651 0
0.05587566892108359 -0.21539994546444596 1
0.4982656987835234 -0.47399482055662745 1
1.3562054315812881 -0.6226215461293799 1
1.5723635765678803 -0.2106027982862197 1
1.8646569841338345 0.3370973906382636 1
2.0427153084048166 0.5181241646455637 1
-0.16158638533017 1.1815306334086246 0
2.1490364635616857 0.13353800576618585 1
-0.7046362396930497 0.7406211907754865 0
-0.768372828624641 0.67262215365455 0
-1.1715029270624562 0.3811412376293201 0
-0.34222528068396846 0.8716180768125206 0
-0.6090759394032611 0.6994501231188794 0
-0.26046853631486466 0.9430603133739324 0
1.5939274694533128 -0.42587316468193614 1
-0.13912966252876494 1.0275852971119008 0
0.6815494419049333 0.8244725763631009 0
0.9580601883913522 0.514620338036309 0
0.42258840725633895 0.8701984219367722 0
1.94238840547093 0.2426812906387719 1
0.25882318695471207 -0.05929418476971031 1
-0.355732251936985 0.8198218855273168 0
-0.07194273384669851 0.5480984245003678 1
-0.0896978503050967 0.23491909580960352 1
0.3632254356375055 -0.4342302605664828 1
0.8703292830410435 -0.5885295578718002 1
1.94744425904492 -0.12047232146841393 1
-0.8272376887672847 0.6851996659102488 0
0.5681274746937577 -0.390317916997141 1
0.2685324254207063 -0.1924671741277562 1
1.046570324507223 -0.13019297040100442 0
-0.5854880189311101 0.7661024118266774 0
1.458554668727744 -0.6008161436131203 1
0.7568880222562033 -0.2867300175858647 1
0.13057659537907856 -0.08283813422065216 1
0.2016946492316387 -0.31284703374767 1
0.17737831559260497 -0.17690411158111669 1
-0.19721857425006878 1.021966367988169 0
2.0180047376411436 0.12600347992164582 1
0.5725094448183358 -0.4057743782106036 1
2.043543289097835 0.43156558021603786 1
2.0421239819039467 0.3213522884902572 1
-0.7678019528876437 0.45321968417607955 0
1.2387918964904316 -0.4644951616854037 1
1.0308515223623425 -0.05775341562073119 0
0.9246821207775998 -0.5782833762487225 1
-0.008696843401062096 0.152495649716924 1
1.3293274067096426 -0.3684223855999705 1
0.6697195308900434 0.40652933186317486 0
0.5987202545539088 -0.29362230231066844 1
-0.010171094578155938 0.5749222923533241 1
0.6657878156175296 0.648821029342342 0
1.1739373268351907 0.2201491894836806 0
-0.9624716478639155 0.24220823640017994 0
1.364965319783986 -0.37178102064269714 1
-0.046810237688448775 0.09975329134792879 1
1.2365841371683182 -0.5259679463738945 1
-0.7385804754589992 0.6154499577419885 0
0.9180102319580904 0.07975619490557823 0
0.8372405508100136 0.48313569657780675 0
1.0492404398091397 0.5528742043926606 0
0.005318172002464547 0.27651236345125835 1
0.3057834199337739 -0.19345555918319518 1
1.4011688904906292 -0.34457166581516413 1
1.2031606231603094 -0.48779066319197684 1
0.10708018647246188 0.9328203515169482 0
0.16296424224723266 -0.29946679743435134 1
-0.9076316755362196 0.5362369114440582 0
1.7066730877298237 -0.2293483805793992 1
1.3487244887298826 -0.2002313110569579 1
-1.1046777785039192 0.07607532246910137 0
0.3925904762136358 -0.2925951795673322 1
0.5338480931502411 -0.25851576706714713 1
1.9191326446269774 0.35057737732237704 1
0.183748855101448 0.968807965047038 0
0.6513503654167397 0.6868676114394453 0
0.9455603559836672 -0.4822228071262167 1
1.7133948870585831 -0.371821982201477 1
1.8802940724698287 0.1726599290617787 1
-0.3731394156080711 1.103798915614878 0
0.8596793223655439 -0.3998996020400148 1
0.18464402942142005 1.1228353136338185 0
-0.28779784631273886 0.8761416457013946 0
-0.8675926412350429 0.5177122601509853 0
0.536600550034656 0.8950485392085433 0
-0.7312943015746779 0.5535519102905848 0
-0.24078643720349852 0.776192491472914 0
-0.040102891932813134 0.09251833634240597 1
2.0442337557196684 0.388999959642209 1
1.8762998195246496 0.16191747005218615 1
0.7149430434262765 0.5602121358336885 0
1.393520025223132 -0.574492981313413 1
-1.0347832533132526 -0.1381301330324624 0
0.9664148884827002 -0.11118190279584604 0
0.0767510448245306 0.20073015070650604 1
1.060801329194943 -0.026759073563022373 0
0.2885372054484516 -0.19923840633314333 1
0.9128761117582063 0.4125147199533407 0
2.085198845701606 0.20508765522728123 1
0.2566724291860347 -0.08139433339397502 1
1.824117054349781 0.3666767239177078 1
-0.8395581036675245 0.834289448715399 0
1.3202528706927354 -0.339256984837901 1
0.3612913865641743 0.7927361787478728 0
0.1774718447069168 1.127426588044486 0
-0.18939032488463456 1.0796336643641165 0
-0.8328537282097002 0.21772538377487727 0
1.2455514072973055 -0.5516378127398561 1
-1.085420408181656 0.5597588011733887 0
0.6854884156555623 -0.5626149678949783 1
0.31803197969849534 0.8537652269534632 0
0.5424153686460891 -0.47450808626205687 1
0.07300106066669199 0.04338330803146502 1
0.34704017899024575 -0.2968711923129843 1
0.8925719634791558 0.0803737436047031 0
0.3540346721004419 0.8759152963650534 0
-0.6900396313710923 0.21975221568375042 0
-1.0068371834170493 0.2750109190729313 0
-0.5264031084044245 0.9052807082185986 0
1.8061910899803029 -0.2887529032764986 1
-0.6656623913674757 0.6463897688474728 0
2.086970040435436 0.2749694722878756 1
0.13049680685893447 0.8666442833776342 0
-0.11191471411422516 0.9933377661515049 0
0.24509504815589458 -0.17871158118601269 1
1.657789353061636 -0.20706242900526547 1
1.948850825443646 0.14833009863829294 1
-0.6698498988172286 0.6922411682380442 0
0.5558842262434069 -0.48846327976626186 1
1.8684620147103603 0.31454952849684065 1
0.6277927166191373 -0.3552697199785973 1
-0.6837247367753899 0.5551919459397123 0
-0.2509660392820042 1.005931465679667 0
-0.05076708258398531 1.031642357702972 0
-1.024691107595273 0.03519196215047633 0
1.3776619669684775 -0.44960092585806966 1
0.06806274743835006 -0.08385076236243416 1
1.338186400523016 0.21730836018013555 0
0.5334389509260125 -0.2613154597423602 1
1.8576215133939316 -0.0232981229531921 1
2.041771504712257 0.6353205851829148 1
0.84054096750911 0.21575877832647533 0
0.1804806219246689 0.2513848392746449 1
0.4093879837465854 0.7959749029535987 0
0.659183124713532 -0.4332910487922399 1
0.5985995600168627 0.8255131067919368 0
1.6447356006337441 -0.35161137314388646 1
0.47183755393869675 0.989522564760081 0
-1.086804784737799 0.33757226838542964 0
0.6897075521117935 0.8956678446046936 0
1.9520504487553305 0.4654434506357043 1
-0.8676363738090332 0.16989444500635675 0
0.4743866638719472 -0.40175200075757284 1
-0.7132328703784683 0.24596187356677193 0
0.14289556242584078 0.8268675721126754 0
0.6827808325872113 0.8599238393609465 0
0.9637239525659351 0.30945185097594713 0
-0.35700477618661397 0.8507333128276262 0
-0.7331826714853917 0.4875466856408502 0
-0.3087221001585103 0.8648698385102004 0
2.1605689192281083 0.4355006916578303 1
0.2505504107601884 0.9152187100420678 0
0.430312828175565 -0.19674889260075645 1
-0.5383277924869813 1.018456591037924 0
0.1907830584124524 -0.07763919682808736 1
0.8488353192383277 0.6001154353112821 0
0.6764980015252574 0.7195436833273327 0
-0.7149211047561692 0.7405264311956508 0
0.22199428647065925 0.9467604914198885 0
0.28955443611616 -0.0602568785384443 1
1.044119727996091 0.3519003330972292 0
0.09308939492929597 0.9730689677543146 0
0.2179591231760735 -0.41548430592699015 1
-0.7962405479113424 0.6111317159498263 0
0.4564442172763247 -0.5661571752947188 1
1.432047334263228 -0.3362431382743808 1
1.0210433285954583 -0.3877375239777455 1
0.06567368700129626 0.2913100559564323 1
1.0615705463226046 0.03873621053241971 0
0.12729482999719033 -0.20884426426006675 1
-0.9562254391708515 -0.008775057025979235 0
-0.039266860141329324 0.11995995904062776 1
0.3510407371702381 -0.36089647283256826 1
0.02300447953716485 0.37426350745305753 1
2.0089976273926746 0.1618588868576645 1
0.41286594095845347 -0.12286029962161893 1
0.23792476573433224 0.9146619190984482 0
1.3344027848713957 -0.47112412067332476 1
-0.5405742927750512 0.7588524111255739 0
2.2015900749281556 0.13033355312890854 1
0.09729722026308865 0.7799849648401368 0
1.6841535007714552 -0.31918899279317803 1
1.164406401117743 0.31575085422420895 0
-0.010253175438551462 1.0096389544310758 0
0.5279782400197541 -0.22091297108051136 1
1.624931707566867 -0.1443018568927319 1
0.4325815744230271 0.9971981087178058 0
0.6409264931654469 -0.39607865430803063 1
1.6199844695533805 -0.275787445540452 1
1.053401490027769 0.2556874088952983 0
0.7677778034169587 0.551288780175863 0
-0.5350632960825559 0.8066695735296739 0
-0.9814240257799616 0.13641192962488288 0
-0.185112677573145 0.9903508044958235 0
0.10278916407169478 0.08450769939018893 1
-0.36462940936969096 0.9514391024552316 0
1.5242280416301344 -0.27719071355242386 1
1.9797652283542244 0.3875179667443994 1
0.3319620850196717 0.6481751695144167 0
1.2226088461819602 -0.3233562386230359 1
0.8833534542030917 -0.44961800548001396 1
0.45715634573446495 -0.2039945652226952 1
-1.0403715882511082 0.37462598230528343 0
0.5600962701002867 -0.4748284140861736 1
-0.6381063796693378 0.9424191516017253 0
0.9025557557948336 0.7601070126585336 0
-0.5472476829942599 0.9367810978810625 0
0.14147409131399993 -0.033465735738695004 1
0.30692178585798224 0.1768928670708429 1
1.3579725233610207 -0.4277114007480878 1
-0.4446405792318359 0.921845743909998 0
1.7870908446583955 -0.04368308126616938 1
0.8646509131409005 -0.4571321987506499 1
0.003211730374014541 1.0115549919214237 0
0.6951126248243917 0.737850699028236 0
0.00846901206731327 0.45098684641667797 1
0.828763643128068 -0.35120822241840377 1
1.9177065420644632 -0.2418556577229301 1
-0.7381545384164574 0.8143840409474341 0
0.07354887684244753 0.9735321243391357 0
1.7366155289361231 -0.2886303471010206 1
1.8416362433414795 0.24733583426832334 1
0.8182358238894741 0.6271635079144117 0
1.5118929674835913 -0.3356467424489386 1
1.1317076567115472 -0.3715469693291818 1
-0.8332834810654796 0.6514721179209806 0
-0.2085656640678375 0.11459000383398972 1
0.8998618433085035 -0.502861494243817 1
0.8011910823544607 -0.5798044374251436 1
-0.4720954092015252 0.8560265140960293 0
-1.1635838262853042 -0.00659659847250893 0
1.8312018873615052 0.23087985092559637 1
-0.7055232294394771 0.8737841701084497 0
-0.18646741719109716 0.8831748778303525 0
-0.43436182142022284 0.8379760647337697 0
0.6991647258410125 -0.37951026361764584 1
0.5005511234961353 0.7042983171481427 0
0.9254569073279979 -0.3355570433627698 1
0.2919656200416359 -0.07643702549649456 1
1.8134596846711935 0.1943373583986033 1
-0.8186153725810472 0.5442418669058581 0
1.628954498086055 -0.2123627727653625 1
1.7148546841733918 -0.18886845464995267 1
0.05058152901615618 0.4253625974235209 1
0.8395648573123113 -0.3738100573143013 1
0.022244536849645724 1.0319899798401142 0
-0.4227836263365737 1.0476297789638702 0
1.017533484254525 0.29711577118321075 0
0.004944516649267469 0.40214894273607255 1
-1.0041614728008947 0.47446495465722993 0
-0.07965872115837447 0.9789103377962596 0
-0.011260888928439655 0.29639440931088745 1
1.859985775425351 0.007283689794974096 1
1.9858500542389086 0.39059192525769304 1
-0.4062269956437078 0.8408387647837109 0
-0.7493110943731504 0.6788603588455755 0
1.634658319291824 -0.3566093094006037 1
1.646597329566785 -0.2530744149511026 1
0.9408107479659895 0.49651072120212464 0
-0.5313681944671834 0.910800537361198 0
1.9545753310023393 0.3954805989175671 1
0.4252812632056778 -0.3755351130790672 1
0.5496530819241991 0.7806810132584885 0
0.2992448430633964 -0.37818386076994237 1
-0.5543010869413222 0.9588919122672646 0
0.19509109343925704 -0.1243057262832922 1
0.1349422361901178 0.17147128068778625 1
-0.3099761402217574 1.0252664764631285 0
1.7759029899700662 0.14786803607878085 1
1.419608324641968 -0.5406386528167207 1
0.2949094105505642 -0.2876379868407153 1
-0.3873704262837192 0.8767722637541081 0
-0.9520136138118288 0.3388096003145547 0
0.05175119406576374 -0.04506339595993891 1
0.07385016478497326 1.051642238957641 0
1.2515277840144006 -0.37493195977820437 1
-0.8137222741056702 0.6117745241783565 0
0.5993964414574068 0.6227746464918428 0
0.7817804844350006 0.48608037974347945 0
0.5804736231940212 -0.4562180681506167 1
0.6689775818112977 -0.46170564252143065 1
-0.670367267145862 0.6399137422953495 0
0.13029629991724576 -0.07676280131273658 1
1.006790407592872 0.5546919555739332 0
-0.8215444778995289 -0.08378533575778274 0
-0.6780645542123043 0.5866691885215632 0
0.9336871128849504 -0.5683402038128487 1
0.37978111234593664 1.0196134469862996 0
1.3477490060038795 -0.5339914866252377 1
1.6913436765528653 -0.20813003766096796 1
1.104879864768255 -0.4292200029944595 1
-0.03389443840975434 0.20647037226069143 1
0.6987638770473604 0.7487559442198286 0
-0.052820983203740686 0.8205368389297447 0
-0.9524954165849744 0.36107178821181823 0
0.10697629874190759 -0.16547980248836147 1
-0.14232164076048687 0.8473330834906562 0
