0.2526971981020608 -0.10020405193376325 1
1.1130615523138518 0.4082948591835607 0
1.3963542992451725 -1.2627871919594154 1
0.049649927945661365 0.9561349800354165 0
2.006720163464699 0.2292205303060723 1
1.2909971071344848 0.2512533303126704 1
0.39680430307620895 0.10519060898404431 1
-0.021882973380247916 -0.030575355240343063 1
1.499160165020566 0.16476635175988208 0
0.4054584720961956 -0.9877864921694233 1
1.1574075863399407 -0.2938500642616283 1
1.9881661778923243 -0.48057958536296597 1
-0.03463482724206743 1.3359683184579343 0
-0.8604785566746399 0.6824737390123796 0
1.3483500420877206 0.1509703859397603 1
0.7857777037580261 -0.5265117066530125 1
-0.15691681776143296 -0.18721314738642272 1
-0.05439137241010937 0.5071173275982359 0
1.1327175279692019 0.7304517901979081 0
0.2605427745290442 0.8508890860674408 0
0.40043807570514034 0.49180829261376147 1
-1.224013074385096 0.7205993652069145 0
-0.08438160285427082 0.9287771857338125 0
0.5593787886117726 -0.44058435521180894 1
0.5606043112254392 0.2798662897954352 1
-0.27775019838785514 0.7967538895491791 0
0.42843509880791963 0.8068526356813032 0
1.4930958880300225 -0.5058774599385988 1
1.1811357285712858 0.47846749982827724 0
-0.7005154516237062 0.40899193607650763 0
2.115784419110512 -0.3281256228044634 1
0.5445369444733624 0.12078006974064415 0
0.5112367941240494 0.8999036118834796 0
-0.39186526228314705 1.133564390197671 0
0.5895907675288798 1.5272217538624007 0
-0.9748625022347597 -0.015950700802531304 0
0.9661192094788558 0.5780689717546935 0
-0.6453639613747744 1.3026224686755594 0
0.6318249635382552 0.5818696948644053 0
0.5171120506844117 0.5511418855390873 0
0.684806064415099 0.08858676195021266 1
1.2373291197121745 0.5300188691044191 0
2.1999349429595654 -0.09831756825263308 1
1.1322946998519616 -0.5111609237483422 1
0.5227668843616983 0.04583667856453211 0
1.5080387521999858 0.4402853312544724 1
-1.39681091360973 0.2867813974441595 0
0.807357105118071 -0.7050305206319337 1
-0.8726386890834037 -0.15215754328371078 0
-1.0376965887996963 0.9373000066501107 0
-0.00156302945744205 -0.4489258644613954 1
0.6530901577830086 0.2975745356774339 0
-0.7486139162953216 1.0574169821410873 0
-0.08607092249618875 1.0304239638928865 0
0.5286290982240083 1.2606437412998814 0
0.29885004240099267 0.8038320556996683 0
0.27480379543174605 0.1842374773413864 1
0.10979622227923855 0.20528079217012807 0
0.21372953946103984 0.3675671391885945 1
-0.0049090765140411 1.2040823183684382 0
-0.46423521101547444 1.0226522631503905 0
1.4224162369244469 -0.03919393213193295 1
1.7706402339261789 -0.42233513935676403 1
0.5856251998826207 -0.22091841743818777 1
0.14952969307750294 0.2996648038091152 0
0.700249976491107 0.8442087043442023 0
0.7264982436453665 0.13063224522353112 0
0.2580453463477968 -0.4365312399367725 1
0.6019442809563063 -0.20319358686336803 1
0.3772117142158715 0.7492338166941629 0
2.608078051107739 0.7007066605647054 1
1.5929144997273252 -0.9138021600817846 1
0.5621177455893505 -0.9748162878844722 1
0.8278231152783374 1.349624178814677 0
-0.8402819642233246 0.5926132063020016 0
-0.4619145597734209 -0.3293629818446139 0
-0.50405521990373 0.26948064950810235 0
1.5598366910478088 -0.3859728260968671 1
-1.284451290738432 0.34318997536746565 0
1.6586929841928966 0.36879457248173275 1
-0.2691581569086804 1.1463218828930763 0
-0.8047178884026268 0.42951503789089157 0
0.4280704345570294 0.8137453365956739 0
-1.1982462096555007 0.5816468482794562 0
-0.28059370943917517 0.8350656180784739 0
1.2666018888543926 -0.86510005371608 1
-1.089710234576275 0.5627855924155354 0
2.5303963070550806 -0.028237179812330815 1
0.0827722769186427 1.1424361638398814 0
0.742019693242852 -0.14183961531842 1
-1.5217463456632794 -0.3705301345019557 0
-0.6708244249919599 0.364394620093442 0
0.6784777001565863 0.35299671900476803 0
0.9187040554860232 -0.12388019148373092 1
-1.193956711801835 0.5890304556211612 0
-0.6540442649802976 0.7360120515934255 0
0.8370725026681036 -0.655024004180524 1
0.46810681127266635 0.17876554406961798 1
0.1743000481685838 0.42379020615450347 0
1.2232058278657496 -0.07540263732593312 1
1.2259918172805098 -0.5115348912849923 1
-0.3565755192613985 0.7659772880234007 0
1.1400676941735701 -0.4283513265080899 0
0.6329121190343422 -0.3531055226482008 1
1.4332743363445126 -0.7115622012983223 1
-0.41111419489108947 1.4410210172076396 0
-0.0968895845231881 -0.23472097874244122 1
-0.3501029049208258 0.9758949310875951 0
-1.597795697557392 0.5722749099988489 0
1.8858532340421523 0.2161076105538694 1
-0.1036904694702213 1.0664310470885248 0
0.9114882169242663 0.12364893385782083 0
1.287855437767741 -0.5178915719285713 1
1.044756333501718 0.3909351856992115 0
1.7198230296551018 0.046786212601655885 1
-0.16971498252030118 1.237535270840947 0
0.6988964401205968 -0.8900958139922999 1
1.6405127045267736 -0.5791027327137509 1
2.056380271285887 0.002058839271594573 1
1.458500680734654 -0.31536309298841725 1
0.8426398025761426 -0.6526857029659984 1
0.7967171773889329 0.3385308217807989 0
1.8084212796603918 0.5327143138188574 1
0.25252093273973053 -0.30804057783398286 1
1.1927986124007055 -0.672760336933043 1
1.5457576961535524 0.6434550257113445 1
0.6035410141267022 1.0782659893533817 0
-0.36569327206952046 0.7272361434879051 0
1.2869339546041672 -0.14437338570643704 0
0.8301350376408784 0.12591588569755002 1
0.7597006100254301 0.39543572850158304 0
0.3151569563118159 -0.34776358047456046 1
0.3280518896670137 0.30864593026444354 1
-0.993234210334496 0.639080835016151 0
-1.3003010360207687 0.40559628455549623 0
1.103750229474611 0.44192233962566807 0
-0.2569658676464873 1.0064505056376543 0
-0.8510896043042969 0.5090090098017623 0
-0.2529735221348393 1.121688462802517 0
1.1769274119160291 -0.9935305411699941 1
0.22712472342458936 -0.292665404066101 1
0.5871845999525631 0.6707804636562518 0
0.06530504936490797 -0.13311826255547185 1
1.7966635962462307 0.0065523271716211445 1
1.5697522805793256 -0.7865653730104563 1
1.9627063614025897 -0.4949631382538136 1
-1.259813636672475 0.2503193975081106 0
-0.13727415327728953 0.44147674553057276 1
0.3780663840694567 0.019985391625906263 1
2.135237486545664 0.26768972517668466 1
-0.022246921178278645 1.1339754971998355 0
0.7096983583859253 -0.5125099944495981 1
-0.7329635886835201 0.41797591779734494 0
0.27759753466634873 -0.18127751600532396 1
0.6255103280885728 0.7536089974362523 0
1.2166590179340426 0.19450495585574334 1
-0.011770796406410586 0.9341467412226584 0
1.7384864659834331 0.267195124655388 1
-0.0842389900929819 0.27292422690569307 1
0.16868334521468054 -0.12178687997602661 0
1.1348925053110768 -0.9836892143380012 1
1.4165403378725108 -0.16118987211945054 1
-0.4021218725336356 0.8153077371228572 0
1.0468135191729644 0.13606371954665397 1
0.2918884818320515 1.2472608454941851 0
1.837587641298476 0.28745331385130235 1
-0.22828347371791685 1.506719061243033 0
1.5362286442435547 0.534714138334233 0
-0.01906950367785759 0.9488575111314521 0
1.2597630628607237 0.3532881811156117 0
-0.02532615763860413 1.2107753147823714 0
-0.656769728473573 0.8512125163001663 0
0.8268726429227811 -0.2955789065779538 0
0.05887499347363444 0.32391484331918835 1
2.1254730592671436 0.9311441975456585 1
1.8066165391173987 -0.6755277385904326 1
0.7169255805318517 0.792486816700573 0
0.8953370250819417 0.26193719283104855 0
1.62049075733071 0.3094795695780669 1
-0.37027704984057563 1.0095459847914094 0
0.5038777357583761 -3.33673242291499e-05 1
0.04550703295484615 1.170108075727918 0
0.5523803935844182 -0.7244811275311884 1
-0.6280893248824541 0.5883547634926078 0
0.4859842964940425 0.00229115006414371 0
0.4656187886922556 -0.30610453216312994 1
0.39821217275010873 0.14436366767012143 1
0.3905815478536598 -0.8414547017576771 1
0.4288158729608045 -0.5911798837858174 1
1.4160416311272335 -0.11283793988150034 1
0.9724114417904559 -0.08638109919306429 0
-1.0776131137978782 0.6047920145345447 0
0.7038859101585888 -0.28172887743927744 0
0.05661827011234516 1.0177823527157865 0
0.8731090073577298 -0.6362224033204604 1
-0.7185548221535095 1.0144724281995374 0
1.3228605786760386 -0.5900656277011966 1
-0.9653423989586128 0.5359159168718212 0
0.8240042119719848 -0.2506437070150323 1
1.2707401048884794 0.9680130851030164 0
0.16794827757489045 0.7048789224107729 0
-0.371762502243581 -0.025213713536833493 0
-0.4044161892001291 0.1952820076243197 1
0.5213537171745317 0.553049784858038 0
0.5093663801421129 -0.25693190034602936 1
0.15170495037310908 0.2886792628110345 1
0.9564700981582164 -0.3428812960458964 1
1.5207493213799228 -1.0585996659125234 1
1.6059583471186647 -0.2649826074031638 1
-0.6772257772441271 1.0009813471097653 0
0.7357035972095898 -0.7671837540059689 1
1.8412193708491833 0.452093562231072 1
-0.07470981042498576 0.6277044621532635 0
1.5445931399570503 -0.3630391829936105 1
0.6201746678094423 -0.4814535264764996 1
0.7551593124863922 -0.7349393108975066 1
0.5536579863511382 0.8120114227560955 0
2.0620408209189858 0.3272806807421483 1
-0.6230572579733404 1.1105109926285688 0
1.9708507845810932 0.20961204595996014 1
0.3246427448767616 -0.7140229535923205 1
-0.5536827879133664 0.7054279331384502 0
0.8185704183602343 0.4153540301736909 0
0.658307336393396 -0.278566758028349 1
0.07925793493405178 -0.10448822217814842 1
-0.351692542409377 1.201698390868736 0
0.6673076076979972 -0.10206656874489956 0
-0.5039059272909132 0.3983107273102392 0
-0.7239734369644796 -0.036998594389969636 1
-0.9751181986956444 0.3617953259217539 0
1.7309413796425739 -0.17960830666524555 1
0.8807479396572556 -0.4471539526092878 1
1.7442506153729296 -0.38523196281298183 1
0.18648320993878803 0.28143821432005656 1
0.9935865986103319 0.2795955543861502 0
-0.6887014613031678 0.8247864332160217 0
1.8076972515601022 0.8798123638798719 1
-0.31697017324250554 0.4780643612706673 1
1.114052604680235 -0.35648816831619157 1
-0.0017762416693888894 0.9844026218543449 0
1.7725510944329346 -0.3776837639725742 1
0.7974540262381136 -0.5543103144705009 1
0.6588148233652568 0.6426997889662075 0
2.487411743485391 0.4574570230251223 1
-0.10744319344128955 0.7047938640467375 0
0.3812826077449625 -0.4696279232415287 1
-0.9417402395941035 0.6990472665073233 0
1.0610272423843856 0.8010488005257305 0
1.835345983647586 -0.4676115273209906 1
1.6944055536237568 0.19237290500377133 0
0.7779317042241258 -0.13841868093869888 1
1.1122131314129045 -0.4778073704663954 1
0.9884150349796254 -0.42267865832746154 1
0.4201318248193177 -0.5771193894148553 1
0.5074283275278357 0.6122617013530598 0
-0.14739729193190515 1.1705455656515253 0
0.17582752087359788 -0.2666555277459004 1
-0.7938539805865529 0.4963106376142362 0
0.8739051199656145 -0.05479510639248425 0
-0.6717455304386831 0.8687235701186021 0
0.1953256676806134 -0.1675419329371701 1
0.22991283010522268 1.0044633961758624 0
0.4523188862057076 0.9837744237215326 0
-0.4978754912380443 -0.6144857303316159 0
1.818098745906944 0.31551169100857007 1
2.145961662506985 -0.42595691230486016 1
1.3666400619425163 0.6003317120610234 0
1.77205107557661 -0.05085592699666164 1
1.0892248027115368 0.6527164558283927 0
0.6482633672795266 0.4686119619585004 0
1.6352192995126806 0.3970447965617072 1
-0.09768185490251907 1.1084744146178767 0
0.17845946278770441 0.692436082726237 1
0.6986083460600679 -0.23984295128654273 1
0.5683557754359627 0.6197060248770845 0
-0.2682396995898107 0.12088220831929984 1
-0.8281828612939559 0.27904561617007817 0
0.6254947356827778 1.1312131622456607 0
0.6283601838718305 -0.7489418066020166 1
0.2874965523046097 1.3973327390604602 0
0.4875620448136084 -0.3027565026220468 1
1.9914552663140213 -0.5335643937646797 1
-1.3143900561636583 0.19045355210222714 0
-0.6980335205282474 0.6546737530629574 0
2.121408499010258 0.09282303448322825 1
-0.25021197735026957 0.045864762497083114 1
1.5258936440782835 -0.5006960903674075 1
0.10507026727726049 -0.01622825244097159 1
0.13070169057700362 1.0714283515925813 0
1.0306026968940052 -0.31651348343014296 1
1.4816540369764093 -0.21167966084029885 1
0.10690325475346274 1.0319300656245494 0
1.6739279697669893 -0.6363693518736844 1
0.7638255674527284 0.4428723524446126 1
0.14672458124463073 0.25304254688661665 1
0.04878694471254457 1.1728107684059506 0
1.6846303502011648 0.024525075082847417 1
0.0015597179414313309 0.9243588362712108 0
-0.3819130254088693 1.178311579004812 0
1.2332962731638808 0.19041570332786686 0
-0.029201655847225644 1.5971660700430652 0
0.15756853001936394 0.043996333990414305 1
1.894720859814385 0.5371821358371303 1
0.45246778993702313 0.5988758305895561 1
-1.367162940473086 0.8361396169095108 0
0.5502318720082489 -0.014867928990985324 1
-0.47881548105371896 0.8551878614820885 0
-0.7838558728755719 1.0163854852099816 0
0.8859097410849134 0.6261023429466186 0
-1.2607881040420916 0.19629366917676927 0
0.5813962738802937 -0.17181016888984701 1
0.8936907178844673 0.6742016513783159 0
-0.3833516830006238 0.6868895095242513 0
-0.33871186905391004 1.0023700438821506 0
0.3730121638964446 -0.4297156927888201 1
0.6490868893616594 0.8658336852376457 0
0.16012274102859184 -0.5833017627735153 1
-0.3216914758150559 0.7410662225805251 0
-0.4415667779569601 1.2988685245732248 0
-0.6395649746979672 -0.08447762346519572 0
2.3140952820676604 -0.12791845499877405 1
0.7310631145352429 -0.5088322076565762 1
0.016680090032802963 -0.10004336196799524 1
0.2510052942421361 0.9791773431910007 0
0.07779583355587616 1.2389132433514152 0
0.20835900954385517 1.424983074556725 0
-1.0179990661871272 0.3990122696369537 0
-0.5340283207452587 0.3092532937301843 0
0.05385936685402393 0.9394480025642001 0
1.261496774020874 -0.5105292709308382 1
0.4483277428271562 0.9550426957391458 0
0.01612111249915274 0.6758239991362851 0
0.2978397235890945 -0.29173881543822455 1
0.6023707138595009 -0.23469794008056116 1
-0.8526870493176685 0.2398755091156389 0
-0.839293637192155 0.4551186723987688 0
0.4271331920517418 0.601556021946718 1
1.7212851456775178 -0.45699042611948193 1
1.1236296274848168 -0.3884779745346486 1
-0.5400948929192867 0.8822150273567868 0
0.8907292378879959 0.4766607340684178 0
0.4024546631692185 -0.11295709817671234 1
0.16489608221643165 1.1557293085149487 0
1.8888817971667264 0.14625730147321886 1
1.0107738591376032 -0.36545547631319064 1
0.84619588151739 1.1044580831450428 0
0.19643444871898505 0.6813102050858559 0
1.168520694581379 -0.5965940541122295 1
0.1809233558658216 -0.33958128620245226 1
0.921670806237379 0.3019062753051038 0
1.3880978058141469 -0.0663188396065908 0
1.3151018352520039 -0.40135791176918945 1
1.5077711711484956 -0.4490379127304148 1
1.5471961757513064 -0.13557729931137336 1
0.6779842641850921 1.0525319799153763 0
-0.8458552170245888 -0.14810266410363815 0
-0.9774970513410549 0.33807112362418423 0
-0.0824245192156872 0.5718997832736055 0
1.4186264971641231 0.4575928228046677 0
0.5174722604324017 -0.3436921610644376 1
0.6740639982151703 -0.42507518967571717 1
1.868862361986364 -0.741717321860621 1
0.262188682217384 -0.6824393414109551 1
-0.20238886101373554 0.11459719412879343 1
-1.0635209911414738 0.4124943328803991 0
-1.2878117468558001 0.10285137265238202 0
0.6442686914559985 -0.42089114584805387 1
0.2391329468074576 1.047211019089429 0
1.7648679735096056 0.13409043279576072 1
1.8040727619344445 -0.17549839001934792 1
-0.292237702355546 0.7500313605745952 0
0.8955463586365673 0.5455338485298997 0
0.7347067812469885 0.2600492980194784 0
0.6884017721111956 1.2676878492382513 0
1.6972968344102592 -0.3855060406096593 1
0.4094741938479771 0.42658275860317535 1
1.3023642868573506 -0.8542949481095504 1
0.24681402828013865 0.605172528311752 0
0.2352414548511217 -0.4341450438306737 1
-1.1320265098006246 0.2488330477624154 0
1.8025496284299596 -0.23846749113828325 1
0.7356944951030915 1.2154749208077722 0
1.131168986764084 0.9237697242276292 0
0.022450074992456746 0.3212202201007581 1
1.4807558162743037 0.0011984744100567435 1
1.8892403107107976 0.4832520962758758 1
0.3281990541268996 -0.28071652725440793 1
1.0225173235647378 -0.3942340537190388 1
-0.34659694009763836 0.5629399128362698 0
0.8292586552076873 0.6423068753750006 0
0.761958051597548 0.5932344448575027 0
1.106464650716945 -0.3100159836160611 1
1.9328716656245497 -0.2255189613507614 1
0.6973634389552892 0.05489464087473506 1
2.160238291521293 0.021137767373930083 1
1.4468945447563346 0.06145953072774667 1
0.5533208827791032 0.5257353078665956 0
1.189505775990238 -0.022187771318089064 0
0.26700011233284165 0.5816772914271116 0
-0.7670990170468059 1.0688677444811407 0
0.05181348052143939 0.30291252972991334 1
0.14629013976926097 0.611591371834607 0
-0.19035704903642248 0.3839928083710258 0
0.49617495624654384 1.159249951153064 0
0.46552955179544675 0.5933567123161909 0
-0.6331763936722928 0.5828024662361642 0
0.6202037404030177 0.9621407856268535 1
-1.0539904956149986 0.21869060223748563 0
0.9694702502026535 -0.5617921469466665 1
0.26458025076459657 1.0820360574430368 0
0.0458436877580356 -0.3464566948695216 1
-0.10657081549689486 0.2816822259088162 1
-0.09105015260125515 0.3706619201936333 0
-0.3682063212130533 0.24260770615007893 1
0.48700843615043327 0.04429229633181281 1
0.12421204751019274 -0.043792723117606625 1
1.6130113570971591 -0.5891265306108885 1
0.2247945491489165 -0.5104292077886335 1
-1.3643640681557485 0.10123469938852378 0
1.79912992485795 0.09496887440886698 1
0.90178088483476 -0.43423555463759556 0
0.4351598433970346 -0.4565095318507008 1
-0.33406762322163086 -0.32140512845408153 1
-0.5179915215861096 0.6301786651961094 0
1.878076427858678 -0.036546238406695075 1
2.244134390480232 0.33130942260791707 1
0.446746597712307 0.033026328854406595 1
0.5593998771281361 -0.15082797467377018 1
0.07960559765281738 0.06735810199154885 1
0.8068667160171632 -0.06467668635001772 1
-0.6726226252922679 0.1776712024145649 0
-0.9063559110399164 0.832422818437646 0
1.0044145167226706 -0.24008144405934634 1
0.4987293003314042 0.6432420919209523 1
0.03475425431665572 0.16385937102125164 1
2.129572680572429 0.6299038503462331 1
0.8984901575241446 -0.7408408890175922 1
0.47290853562766955 0.9883292837017482 0
-1.486194187543322 0.09072783089874392 0
1.5716992971746304 -0.39872516323506024 1
-0.42378054171574264 1.3013183210790649 0
0.005000289429592186 0.952663387310009 0
1.6919838933779103 -0.01589220128893687 1
0.03718544442009053 0.10714969652867137 1
-1.081327967474766 0.2327889170783572 0
0.48331645898069886 0.3884472575334922 0
2.2439582798304514 0.17945926454805783 1
-0.3449161886893424 0.19841412784864493 1
-0.2928509950593198 0.3085703947940819 1
1.3313249834205523 -0.4317235883521261 1
0.5338582941006451 0.35535976461398255 0
-0.9443780198280481 0.2526969584927935 0
-0.6913923641900236 1.2447120041361373 0
-0.21198680798538858 1.0923295298277436 0
0.8431815700041125 -0.5899720145077451 1
0.27504374552169547 0.8743625421821335 0
0.7575172090171801 0.1955771336480665 1
0.16930149097225822 0.8380800960583599 0
1.105801262838404 -0.5245122791330706 1
1.2787364411516626 -0.3674956250614215 1
1.9322796698645348 0.12681840646516176 1
-1.2040957628899476 0.2413855166152802 0
-0.8236126733141668 0.6743112788622013 0
0.7188378632957559 1.0856438706130014 0
-0.8088523351776644 0.2917238269842699 0
1.222495300337487 -0.47587145963239835 1
1.4291458379338569 -0.443832073665845 1
-0.11814144274235516 -0.5720170964068807 1
1.2758154364805774 0.6297559110297789 0
1.3600211539964129 -0.3188296800060437 1
-1.0203178167890352 0.6766388773916099 0
0.41172998027229646 0.6824543919114071 0
0.08408307097091862 0.19762990056409607 1
1.5909131843280038 -0.08912391466396508 1
-0.10720777304158835 0.2248783072915525 1
-1.266890957110737 0.3330583054237158 0
-0.40115004784374375 1.146967287279498 0
0.9983244489084169 -0.519493077816266 1
0.8773093734729328 -0.604067075147947 1
0.8546652015902976 0.6039620821206722 0
-0.8450936327155173 0.5989114751878168 0
0.14755608565281952 1.4102264551023658 0
1.856190982941351 0.408921822447585 1
0.12029784435344812 1.3108794683016183 0
-0.0014998683515499989 0.09319004767158034 1
1.980281652188023 0.7061168395969594 1
1.543794175435304 -0.166618907149733 1
1.961639164630646 -0.8707277142808468 1
-0.14517974955758978 0.4136717970684408 0
0.28324965824211823 -0.20715466542013738 1
1.7060788398821802 -0.17708735650201607 1
-0.6844266846136463 1.565750668975449 0
0.49945681891959914 -0.09291220309295212 1
-0.4635735457966925 0.575428818137045 0
-0.9770068702064515 -0.07790386852279217 0
-0.6374418538365435 0.4439559017865154 0
1.1531248775557208 0.3642250943918303 0
0.4163568667620105 -0.5892256199189962 1
-0.3384229217794334 0.35562039108869525 1
1.3255356456590648 -0.7812472036689198 1
1.7540227613019892 -0.25126031665322557 1
0.03600699988040722 -0.3110155229811972 1
1.5574684407200812 -0.08680133402279283 0
-1.2022013148429145 -0.08358248536518095 0
1.2340482544276496 -0.5109436637405567 1
0.6029188827819759 0.5133182302662542 0
1.502918734528865 -0.8070031883921664 1
-0.04023956520820626 0.233840474828517 0
0.9191012643319654 0.4923497796172595 0
-0.24134257771093837 0.9822424545900138 0
-0.6195334928426718 0.9953780477930299 0
0.9511571653516605 0.44220434858798546 0
-0.8138254623461777 0.2313532529213757 0
-0.5922738543366626 0.6507256704349913 0
2.1480842516524494 0.5583496979659195 1
1.4313403562848865 -0.484498357828345 1
1.8712915390519733 0.4315747396329059 1
0.906604110242338 -0.5209923418543431 1
0.8339139074657937 -0.8363993018075362 1
1.1667656103091928 0.5023552906950729 0
-1.1110446417435125 -0.5778979089330317 0
0.6147287076395288 -0.6408775121127663 1
0.5361684251002792 -0.35344994418828735 1
-0.9642926957636159 0.9178079292217374 0
1.7283407742486139 -0.5223358592016132 1
-0.32565627574744943 0.6129821752317586 0
2.0218516722467346 -0.2395139776897692 1
0.1498027082410388 0.973110018668608 0
-0.7232527118189979 0.901239506240695 0
1.7631855276479498 -0.2335889460818975 1
1.0769659690605793 -0.46740163143838165 1
0.6067971670897779 0.7468488331880515 0
-0.10009168554400671 0.5517705742281388 0
2.0872160340433235 -0.8220197484980584 1
-0.9879040372038607 0.30224053397531914 0
0.4234660287556531 -0.9397512923981823 1
0.8308286822561359 0.8087692488221432 0
-0.02937984058418891 -0.14119432729550857 1
0.9590646653930941 -0.15475100557786348 1
0.1165266140380829 1.3597551200853122 0
-0.6096843012534677 0.8073527950535471 0
-0.8996051865308606 0.6575881604019789 0
0.344902752642426 -0.08590135958068987 1
2.7069828754733494 0.022192529418873536 1
1.667701922049178 0.6906523827894493 1
-0.08139860653411435 -0.49985360070337864 1
0.20553910407163928 -0.3754195818319357 1
-0.9210883478802439 0.6165039359667726 0
0.24443185015270866 0.02492292945982548 1
0.9612136917639074 0.45044711327355463 0
-0.18813168005197178 0.8952173963987654 0
0.3466463818277733 0.5926735356769466 0
1.653857579110323 -0.08954352038465384 1
0.5099695123047386 -0.32915556204283836 0
-0.910530119159502 -0.05274471186570002 0
0.3581394408454769 1.4954504366005188 0
0.997042970740431 0.8521677182307287 0
0.01299320431221377 0.391860873004468 1
0.37393573157129173 1.2379394115461992 0
0.7909680093286965 -0.07814409163119068 0
1.1846087876524267 0.9840599271972885 0
0.19170516882705993 0.6836347914677281 0
-0.20304467979540358 1.0310663029494858 0
0.11101232798817764 0.37944802607546163 1
0.044457138919448 1.0816349121344748 0
-1.042053937638664 0.536764093456744 0
1.0349784275179892 -0.142386843722834 1
1.1336805574053666 -0.23700297501753076 1
1.4998638615785518 0.3407707014459375 0
-0.7379339633654592 0.5811021118004547 0
0.8162027909634856 0.7346241796089183 0
2.012137632111184 0.6974013915278874 1
1.4146296740102504 0.026808710069145064 1
-1.2500078509920474 0.37757608676451326 0
0.6978177542964659 -0.17705396436218712 1
-0.21657564619838546 0.19405105482781812 1
2.3100590878934484 -0.4142647056750831 1
1.3040878956655197 -0.8981991450360587 1
0.9922090247668939 1.1970040296616387 0
1.1243579823071217 1.4332334847105899 0
1.8706955832071013 -0.2906787100953337 1
0.31896355829045087 0.5000574493620992 0
0.7646771188438091 0.1028808242466786 0
0.25364624781521383 0.2620814903442489 1
0.4244348035343286 1.3856763196263908 0
0.8670152388274147 -0.3243170741307616 1
0.5911836951539452 0.45722351161609187 0
1.9974868973538602 -0.2169980069723501 1
0.3300334662269687 -0.2786922852191234 1
0.08590671738430868 1.0745116373604107 0
0.5801769561426033 1.1113150869571706 0
0.14112740871737112 1.327973313251627 0
1.002353215377288 0.35681880250719483 0
-0.9462139665218602 0.3211234413045904 0
-0.15349440907563702 0.1598997673268478 1
0.32232724228703036 -0.016376666859599265 1
-0.4638527558332631 1.067033136527772 0
-0.7743030691685954 0.7300791523093988 0
-0.8543862608547909 0.8180449884086819 0
-0.7414825143866277 -0.13774607759957025 0
