-1.038056161679571 0.36790987353411236 1
-1.027502368371886 1.6185210794061726 0
1.8064029759687585 0.982810233403023 0
-0.0925142379869553 -1.6305788606157807 1
1.8980987836885497 -0.4473488733474504 1
1.3199331975793682 0.17642517194940788 0
-0.5352903725616874 1.6109266396206245 0
-0.5583515319818997 1.0311865922762655 0
-0.8900971357204461 0.28416312477063427 0
0.9524986945507194 -1.92378201226752 1
2.390144797075267 0.9652429074482416 1
0.3720019871456504 -1.0810172779125429 1
-1.0536342631698077 1.345668656382371 0
-0.6831312262399675 1.6872565942492126 1
-0.12996402036975557 1.3550639337697103 1
-1.2437137539065708 1.5090998993047282 0
-0.3092013355388028 0.5988904596352975 0
-0.7608035344573847 0.7312469571818431 0
0.14760752826465884 -1.0555426099590246 0
1.2287271850516537 1.9782954585780914 0
0.5643723346840677 1.2918972584998751 0
-0.4714899225710278 0.6860482542575178 0
1.4126687056182754 0.6960345743347478 0
1.0616810057159385 -0.49998447859445916 1
2.883349168777465 0.10172556368187863 1
-0.31870807447564564 1.0431621403674451 0
1.071903642076819 0.6934079464264816 0
3.0069507098622457 -1.1859703024774984 1
-0.2294970582457182 0.24050212175352503 0
0.4879602196285395 -0.14808261056771554 1
-0.3481975570144197 -0.08452589512474179 1
-1.5540032579923464 -0.2010110408533866 0
0.34804921687393353 -0.1530430394152008 0
1.1178149623482914 1.6057072544215552 1
-1.341807666629661 -0.6928967088300197 0
-1.2060674554526023 -0.2236125281078697 0
2.30344581204832 0.8165971144549183 1
1.8663125794487079 -0.5332622341651867 1
-1.5788991107532548 0.9620566766872187 0
0.16269814876369307 0.8586990311370298 0
2.0306838962435165 0.7450829968668925 1
-0.018565561617456205 1.1430144588905933 0
2.753329634589194 -0.776449432621249 1
0.5875216149070842 -1.3140093017527537 0
-0.3141903459471585 0.041333907078619336 1
-1.9435268891428754 0.5335882410016045 0
-0.9707007280854747 0.22163314125201589 0
3.065802703827848 2.323445312919541 0
0.8376251496215671 -0.7637097747024632 1
1.3109569705301447 2.4286210961555375 0
1.8933913859871672 0.4495846364735373 0
0.27605949885561354 1.9718426187393798 0
0.028210590290395965 1.9302030410178415 0
1.4922819210255134 1.037290248663751 0
0.14595706150441234 0.657305783689091 0
-1.5038974996497743 -0.6394206774229882 1
-1.891160542936497 -0.5969881054948889 0
-0.24473748222055558 -1.2152602802482553 0
-1.896370018386911 -0.04424683317720246 0
-0.8803853884834208 1.795956082231879 0
0.48253696365308585 -0.023033188189661324 0
3.7779403637787197 -1.6150462187352477 1
1.9066930674546219 0.35745172517075935 0
2.7612288923332167 0.33226532075338666 1
1.4230917546803066 1.639437091639616 1
1.230232687844367 -1.5817724315609256 1
-0.49871360061547904 0.06815695109480946 0
-0.4586473567185235 -1.2011146627126545 0
-1.9202115045317472 0.32539445859332167 0
2.9272000822663387 -0.24938583098054556 1
1.0603104370465548 1.2130786526311113 1
-1.2593560789589304 0.5161015023673619 1
2.278717487681598 -0.44402939668325236 1
1.062845681910815 0.4958551239453791 0
2.0091166733897836 -1.1638607289395373 1
0.310282946302187 0.3257564433994654 1
2.5203993246809877 0.4934034890265851 1
-0.5945522391727576 1.0117399886999865 0
1.3495079544581237 -0.31837254370014534 0
1.4205598031726112 -1.3228263948293464 0
0.2471300607362088 -1.5686911084755712 0
-0.8512503177520812 2.1515905617393734 0
0.2642325723850355 -0.7235624267971208 0
-0.19497831021031647 -0.21159381109137787 1
1.097431400594853 0.3613326898118725 0
0.42925921308515663 0.22262871971224665 1
-0.04636517952662925 1.1465205255839392 1
-1.3329026750706325 1.958655428666938 0
1.2854312579889837 -0.8722301308668108 0
0.788622402478552 -0.6583767515019108 1
1.6784745817797155 -0.586507588343032 1
2.766071265477758 0.10933289230862903 1
0.3555368195898313 -0.570607528787451 1
1.7928818760627143 0.46556014867136464 0
0.24651996751185573 -0.5243202864465228 1
-0.2572435650758218 -1.1986554687842343 1
3.0767463491466227 0.0013084060204132109 1
-1.9265091300091237 1.1855170428899529 0
1.4405869156142828 -0.8884456259131379 1
0.14641481306386872 0.9037070463594791 0
1.0414306946988396 1.3489348625000652 0
0.961200940174566 0.33496579385491576 0
2.6358463500160156 -0.319995141469632 1
-0.061026342154262364 1.5292137251946123 0
0.8016510674963252 -0.9169950626287584 1
1.37167114364131 -1.6713657797624855 1
1.6055655353436111 0.38656863781809037 1
0.523472350405705 -0.30402106071667834 0
0.9936068868375076 -0.7554444609679348 1
0.40693168619443454 0.12225736371811716 1
1.7346298639800175 -0.5354072654970023 1
0.12358518651573502 0.6210282555649378 1
1.2195406228778283 0.544191773184307 1
-1.1568445158918406 -1.009163609229182 0
1.4086975388439797 0.7021805629694688 0
-0.7365485917755547 -0.2986480605838293 0
2.3945159398958396 0.9820433187732187 1
0.08692340738654813 2.4369514300927104 0
0.3599102162256439 2.746795756378599 0
-0.7938738598859596 -1.0675810951189677 0
1.1502499777313688 1.6891636793999236 0
0.4637445261189481 1.6901032706006982 0
-0.19825366502476635 0.3760424972132156 0
0.37744511080324206 -0.44919752473993835 1
0.039736441094457065 0.7099456810515715 0
0.6026963083082642 0.0018394030826122676 1
0.09726684541871178 -0.25440011737754664 0
0.7968526270503521 -0.7426590000206899 1
2.560105317926832 -0.01495361243819876 1
0.49335437816077293 0.2095128856275072 1
-0.5258735163735058 1.9625046616669424 0
2.9321764298657413 0.4150402575218888 1
1.4806006569892882 -0.07395778127979202 0
-0.6676237807038811 0.45819626289324683 0
1.6989650878264384 1.1751185006308251 1
-0.9464030637442025 -0.4432224630858357 1
-0.7092394841908766 -0.3774707552952399 1
0.6299164908301077 0.2557334961668335 1
2.409183098855264 -0.2742179907676973 1
0.8101036921855198 1.0570061946924385 0
-0.7301888750408541 0.4583852262329181 0
1.6027399251095837 -0.452350347990498 1
1.3677619201933706 0.2165879179534007 1
-0.02011934163027629 -0.5920048253321953 1
1.439555672164183 0.8368123283420751 1
0.19868426157653515 0.569009468658415 1
0.5341660782553606 -1.3550833710302017 1
2.6524648610563197 -0.9435029476190244 1
-1.3507517032296543 -0.0877366051452253 0
3.3391954973329687 -0.47540049761281017 1
-0.9399322660242747 -0.42230429900485267 0
-0.7797927900725085 1.5918742676290083 0
-0.7855053674593329 1.8810457999983763 0
0.6360071930798517 -0.40305470606295474 0
-1.3119583999957953 0.4755728290284893 0
-2.0342166668803543 1.1278475162750943 0
1.0427931020763772 -0.29694260449329957 0
-0.031452776705084645 -1.0425410161525868 0
0.6995188366174014 -0.9354245504638504 1
1.448744890231251 0.018350837643828277 1
0.18178903436590133 2.3246939188088023 0
0.1584215760713369 -0.01723056615301044 0
0.41019610966313635 -0.6609371776226488 1
1.4148308061025738 -1.5539811458418773 1
-1.9678258336004069 0.362648629698475 0
0.1636771284971687 -0.07115742596103042 1
0.7861435132820279 1.2196564522972295 1
3.440551902134742 0.11728394119372848 1
0.15260593781324422 -0.6213893528030929 1
2.8209681254595074 -0.19915336299162062 1
0.4378763827388523 -0.13479677766433296 1
0.7813558573545404 1.5984292014125652 0
2.2682265851414893 0.44532903401097124 1
-0.3211392018486638 -0.07942196586400962 1
-0.021953989413593642 -0.45677689966745383 1
2.4552565613174595 0.6334142296456816 1
1.834376112113876 1.7484904813538593 1
-1.0433172064566705 1.9924214564677951 0
-0.9254321191756201 2.0970639905466157 0
0.8480719024641804 -0.48439098980999884 1
-1.0891776436976488 0.9694526128090469 0
-1.2627737489088975 -0.48776962448577976 0
0.22466692821546053 -0.526744347894854 1
0.5957054065014118 -0.07313559830273847 1
1.4894930191904578 1.0932337855985004 1
-0.8697474604785719 -0.3031373609803815 1
-0.1888442629399833 2.2926301047239885 0
-0.38053745516309656 0.4692719682382837 0
-1.1683843445884263 -0.5374776786441504 1
0.527149571994721 -2.2506432207397373 1
2.1803281775278585 0.47189182530941054 1
0.0564565882058346 1.9266336082761797 0
0.2687603122409906 0.8942186060773829 0
0.9150457497078448 0.08490872090690943 1
2.4103324859653483 -0.7450784824656962 1
0.967819878632033 -0.9995487578730187 1
0.03330621801384026 0.6729978102804413 0
4.223161277108931 -0.3022305417112315 1
0.9148787207456971 -0.7929953435752575 1
-0.3892700580791907 1.9308607059485032 1
2.03010043339035 -0.7317735790475224 1
1.1098543416404838 -1.9729171694908318 1
-0.48967988071543156 0.10285404800450818 0
0.46328428927882315 0.06228070377405326 0
0.47376592580387616 -0.5406971783417063 1
-0.04009537126604634 0.8423627155920249 0
0.2363914059606751 1.0054090650579242 0
0.3655066176483335 -0.20381489326632726 1
-0.01851420254156977 0.6744655119302796 1
-1.0050836968611807 0.5263156122595232 0
-1.69808267550029 2.026783295756762 0
0.4283670818174329 -1.1151014710891891 1
-0.36906873370154747 0.9706747403332054 0
1.1402985315596026 -0.10633817889032804 0
0.46477758853367346 -0.3340971600269275 1
-0.4198586510089457 1.1375901656210434 0
-2.0940767107322538 0.4521070447739871 0
1.024826308470915 0.9790937128951357 0
0.9134568037088366 0.8404618414241005 0
1.9607037793487005 -0.024335434789866717 1
2.5724418480837787 0.7914842728983168 1
2.2873013784974487 -0.08499392640277612 1
-1.2705054779388036 0.6325402322156666 0
3.352753608930045 1.361776402861783 1
1.727105777608057 0.2614000828299877 0
3.1497881214402264 -0.7785868030148577 1
1.5965558115626124 2.5669780279736756 0
1.6846293466694773 -0.12778314787105993 0
-0.7568122922285209 -0.5309037922098071 1
0.32526639809796065 0.8056160604607848 1
1.9160790254337041 1.4150285979181674 1
0.25270374724905253 -0.39223767581927377 1
-0.26095924810656723 1.1551628681629076 0
2.9346112202420875 0.02618453354134459 1
-1.2172843417697703 2.4035391911027695 0
0.5968989910617928 -0.1992958039083944 1
-1.0976326095216182 0.21841558143753123 0
1.2185641777739258 1.7988902531005966 0
-1.6126524926965062 -0.9185990910804752 0
-1.6324225228829663 -0.19664133583384735 0
-1.358475732705071 -0.2084529556855123 0
1.352497085230266 -1.1359507306188141 1
0.8185112170467357 0.6016287427695277 1
2.062784670999058 -1.3089821179026655 0
0.17774621213523067 1.1623188586810829 1
1.6745497352833463 -0.7172204578251906 1
0.7245724585068096 0.5901132085053528 1
0.33027655751408713 0.47428947268196137 1
-0.8932834285790108 -0.019022410113471167 0
0.23259485245448985 1.2148448424472362 1
1.201025768690219 0.8991763342604571 0
1.0907616282272132 2.2371263813994395 0
-0.1606836548109416 0.3665953962690065 0
1.4878790775560944 -0.14894059875676313 1
0.21998429791230628 0.07832550725553933 0
-1.8165601517576502 1.5256909395990537 0
0.6426209561800567 -0.3212431255652737 1
1.3477787683286853 -0.4533329021793694 1
1.0355152528625067 -1.4423813370186978 1
-0.10625958694005289 -1.9352302836301774 1
-0.47366946040544755 1.5118844218797012 0
-0.10368423211876852 1.210074561242334 0
1.1372104730995936 -0.20809911697072847 1
0.7222726424643667 0.44631537423147216 0
0.86949899193954 -0.41233894163943474 0
0.5741681375069324 -1.2375063457491557 1
-2.274821122926914 -0.7917823003774304 0
2.4322521756694497 -1.1135938431857586 1
2.4586411138630098 -0.11428452264008054 1
-0.9618241694171147 2.171730665326252 0
-0.3741512517903648 1.2417219669316448 0
-0.6694297942645004 0.6648138594759899 0
2.1343748858542355 -0.036666499451824486 1
0.4557013463616395 0.06671661516929672 0
-2.5160753884084848 0.9215656565503763 0
-0.7534380191124727 0.32464703201633727 0
1.9601025580763232 -0.17095695716230516 1
0.4323088950132941 0.09575149373749714 0
1.7031693424613334 -0.48282779082407895 1
1.1965180139825178 1.3876900968868338 1
0.35244963224612536 -0.0932823986457621 0
1.5278895167437139 0.33748804124682097 0
0.42557799944932195 -1.240816822848978 1
3.178711679000963 -0.5792935379768344 1
-1.2085868704625584 0.5341811971152892 0
-0.30436763512391785 0.7145344526402809 1
-0.8405837887475558 0.8752579763437129 0
-0.16759023968223496 0.8868549029182174 0
-0.5048390100481737 1.1762975357598457 0
1.8387185142462883 -0.2917547474048058 1
2.7615796531718697 0.9412172858467951 1
3.0715145778996407 -1.1715456301229845 1
1.6570166799173043 -0.808590014952058 1
2.1147170638997244 -1.4602104534889127 1
1.9663482673500752 0.625042703427217 1
0.1446552256539205 1.3543661235532622 0
2.394964484477547 -0.5630889398531657 1
0.5743076486538562 -1.3691046485626144 0
-0.9152254400292908 0.07878237072054484 0
0.08801738590495067 -0.9411952763570992 1
1.7087661445746671 0.9228161257565012 1
2.518654642273452 -0.2245989726457951 1
-0.4792616796582275 0.12621298170058426 1
-0.2045386739454979 -0.859480015443418 1
-0.9741791274584335 1.7102335993244007 0
-2.8766740090421985 1.145675927107435 0
0.2226532694551009 1.851296765219789 0
2.7189694230595136 0.5038040058803621 1
0.7236278223977802 -0.9793988359050888 0
-0.18938363790451673 -0.8167152695715421 0
-0.38489805241229297 0.7245744951382794 0
0.4592578617516565 0.8696184201693221 0
-0.8290534294535492 -0.273520419425471 0
0.8705817474983804 -0.7117884087536954 0
0.7187066187200852 -0.400427612326149 1
-0.5936340022527204 -0.7086075907951348 0
-1.3235591370886302 0.2408833166296963 1
-1.072604059838878 -1.1808194501978728 1
0.030173661013898734 -0.7555080573304911 0
2.1118156405342527 -0.49934386576691026 1
0.5057908731661895 0.7298923447423116 1
0.35989198954478335 0.7504924385798177 0
3.3026308414138543 1.161268055674336 1
1.6477357050115629 2.270152304061889 0
-0.06697932741154947 0.12473020476297714 0
1.1766815375681658 -0.05238874692546075 1
1.5485956448018843 0.9068297941918351 1
1.040436870023924 -0.11502608916493529 1
1.4817309231867535 0.18634106465222533 0
0.450091449273806 0.9558547146910193 1
3.8842194609770724 1.5882711860339727 1
1.0210696180036263 -1.1589873341113437 1
0.38745688944923157 1.038450639370051 1
-0.020836139906952877 -0.18452074212919678 0
2.240361945745798 0.6373118782312966 1
3.107192142553686 -1.0625629836803583 1
1.0159684680262844 0.8461716834418589 1
-1.7871584491486996 0.4504846046149593 0
1.183071040941082 -1.4369047092138643 1
0.5534598758168532 -1.4215842110285501 0
0.5002061622538048 -0.6669213950523318 1
-0.5134867740151057 1.0359857752625539 0
-1.5336928198513102 0.9656401690533684 1
-0.5353407168596469 -0.24651746548076037 0
0.4836028464689554 -0.6170043395357252 0
0.9388760671024295 -0.7345750929543171 1
0.4628299146170738 0.1546824215959289 1
-0.34159901634356804 -2.178509320179529 1
0.3191197683988188 1.0733406305347266 0
1.5639127006064646 0.3117849154778712 1
1.7749929753975224 0.8208929367357972 1
2.586938953161742 -0.2934593702692172 1
1.836137006119316 1.6456130133863307 1
2.7591322307533344 -1.413572470117149 1
-0.1307530691907881 0.6964516305461769 0
1.7087471279486177 -0.4113710235761214 1
0.08587488845287727 0.6712127527971288 0
-0.48941479524380604 -0.20307725049798653 0
2.0307678832252063 1.6559186708135534 0
0.2478691535877899 -0.9690995386372112 1
1.6471166746953774 0.6578539419569853 1
1.6030431092567512 0.6842127407558024 1
1.4243910098830348 -0.5439122014476753 0
-0.6746717707097029 1.5120697197286066 0
0.19111009148089209 1.9405167969527222 0
0.8298644819482875 2.351812755408985 0
0.5909345319592232 -0.8698716439559226 1
-0.24877120027971641 -0.6119580830641964 0
-1.184337641136488 -0.7043489451678824 0
1.2418948447097575 1.186250270338967 1
0.4677343927252655 2.659173662587421 0
0.6374239820457969 0.3597097996049995 0
-1.6453928301978862 0.3375437177082406 0
-0.20549866502439573 0.7271310845500548 0
1.423966312400474 1.267094188156288 0
1.844329666481764 0.23924637980878027 1
0.6464681844265222 -0.08764646631555595 0
1.0482281423966144 0.43769946831842277 1
0.5928367283376569 0.6582457248967836 1
-1.0538206792368858 0.15571565698464906 1
2.4244062474596415 1.2030366939302422 1
0.8088786141003235 2.0111669978509914 0
-0.36133943656970435 -0.4292147664351071 1
0.4017400306083192 -2.1699917982713965 1
0.5678468070552303 0.5564796645972031 0
-0.7650552853330954 0.9553888446709066 0
1.27675712691561 -0.5425074360319855 1
1.8317201885536791 0.2686244185668961 1
1.2151385770850203 1.1175967993562477 1
-2.0304934487560606 1.9100965621621775 0
0.9500876996901398 0.4883420585322204 0
1.8558170841866288 2.0248187597959086 1
0.02914391791897353 0.11592314759946964 0
1.0553970859160482 -1.3536621156945836 1
1.9617762150520477 1.406945245648496 1
1.638661050058591 0.23637600217898447 1
-1.0577494134782124 1.8898777183538082 0
1.7954272017193666 -2.328642827209211 1
-0.5976482335539475 -0.010004181083778818 1
-0.6765578191464006 1.7555029178492259 0
2.9885796306699026 0.16274053433361696 0
2.670005115807923 -0.5859556375705808 1
-0.1355701554883385 1.0130377650375535 0
-0.004036235761793794 1.892827973105775 0
0.9572098114981276 -0.6120393046524816 1
-0.49790920918964365 1.0491811601445629 0
2.8522984066021406 -0.7385070917333199 1
-0.5573876849036355 -0.14834509543576013 1
-0.4587601941478495 -0.5642753526966797 0
2.3016491561324903 0.5710277315190927 1
0.3614237159186382 -1.3142394878331793 1
-0.6966593986151545 1.7112815375972124 0
0.7160227123979779 2.1512305411873385 1
-0.3902548799672667 1.191077885926137 0
-0.9210164586047539 1.219516978970078 0
1.6749314053311313 -0.06728189632744269 1
1.149441383056126 -0.5549191764051751 1
1.3624004651348693 0.8763420449530399 0
0.5321686659483557 1.1905716020980206 1
1.7335053975922334 -2.840935745695438 1
0.8086923844195308 -0.3120934449130497 1
1.46524039221145 2.3111564195932326 1
2.399774792989567 -0.02701505842232854 1
-0.6700131930642785 0.11913310099282148 0
-1.6129214440547708 0.6737956584055631 0
-0.05862244083300716 -0.7206851631193236 1
0.6211037222283382 -0.19360240259426198 1
-0.6688805029350638 -0.14171752100483603 1
-0.05128108457635072 -1.5871766321358396 1
-1.1966890990822932 0.17843965290541425 1
2.65169537362099 1.1916039906643052 0
0.7078788738909396 -1.4033965101628443 0
-1.2381055777054306 0.9246095440332396 0
-0.06282570913880436 -0.34922130573247767 0
0.2447785223200402 -0.1273948450218659 1
-2.034393003994532 2.697341189077686 0
0.9272676025405202 0.012857067051905646 0
0.6856824129600618 -0.6944483083668309 0
-1.9024596954784856 0.06034866444936643 0
0.16372282973360236 0.20525527292880685 0
1.4589092685943459 1.740638492965801 0
-1.6547120824540154 1.2322438755687946 0
0.47061914569304414 0.7081347713264474 1
1.8879601647951998 2.7622036261834477 0
0.7346231959031705 0.3457643595765493 0
0.28292968637633875 0.3082212845647305 0
-0.11311206610352365 1.1396871979652587 0
0.4269917808810102 1.3825138751337238 0
0.5000559263045562 1.217066908291097 0
1.8421249083850149 -0.6218413515792072 1
0.34124656267481135 -0.7622795631583971 1
2.692189179308486 0.3098148351557966 1
-0.8725893574491689 0.664992952200739 1
-0.5422188074862249 1.2533149868874562 0
-0.5059304843855736 -0.6797032494771602 1
3.2242204509401367 -0.1605350597785129 0
-1.5119469658519444 -1.3558459912703595 0
-0.2912917862241747 0.4556400016264965 0
0.29254401355139276 1.635991813893086 0
2.3776884988441074 -0.3398177367031623 0
1.1696075341031658 -0.6585170412350158 1
-0.656045454357371 1.0849930367025253 0
-0.6218784388210605 -0.5823050020569055 0
2.461707139316292 0.9387020512155644 1
-0.22009875654170263 1.624019866880698 0
-0.8531248310163656 1.2500649758463167 0
1.2674482330103474 -0.7835446012021926 1
0.3384994273416789 0.7906200072636725 1
0.47313146874640943 -2.2065869140531156 0
-0.1611728912373772 -0.1756491194105506 0
1.2747304231825076 -0.6433600383374954 1
0.03629225434701783 2.272399879508008 0
0.9409081180951562 0.2804176023781524 1
1.053847021170008 -0.03341393633469125 0
-1.5704446724418266 0.2441521715406305 0
0.8736520278656638 1.4139471127141634 0
1.9041586482642499 -0.1648235207434947 0
-0.47228205632636866 0.34862658748371705 0
0.4179124709615283 2.7711795614060826 0
-2.044355001424557 -0.12608872534477256 0
-0.5250385327401444 2.4526873219859247 0
1.5584167173396613 0.9797637360395414 1
-0.8503405352515164 -0.89366988176838 1
1.8842367634317843 -1.714314193268355 1
0.7615341455326664 -0.17440168846385745 1
-0.004141204832957851 0.03548419745219866 1
1.156976424038721 -1.5449617099340092 1
0.9872913135454849 1.159927213064488 0
2.6898597065191874 -0.5240569593861837 0
-0.6296261685010779 0.9489565199055403 0
-1.1956746948184163 1.0875882657890186 0
1.560050852413518 -0.6938850777444397 0
0.455662204258537 1.6769702002727236 0
-1.131218387139614 1.003721777262449 0
0.5392411417749772 -1.3293217037484446 1
2.607434483650314 1.2097444262229016 1
0.517501855281762 0.6702016130187601 1
0.7757509162306924 -1.913622765405501 1
-0.8401697650504772 -0.342767566468804 0
-0.9875633799745486 1.154487347408957 0
-1.4466316721377672 1.756572159959337 0
3.0604941114867654 -1.6788534344577708 1
-0.07972847640808456 0.854361483521594 1
-0.46276476682606815 1.107484725357568 0
-0.994215634002723 -1.7141953999143889 1
1.024395320249029 -0.8488263835083535 0
0.6720019933348098 1.0990035423218745 0
-1.6066039445287434 -0.25074745609554316 0
0.7147244779871024 -1.4759400484548713 1
-0.8197368192775243 -0.1548634190264746 0
0.7248782530853007 1.0810830960630031 0
2.1092548433820615 1.6270516658783511 1
-0.3518514220323342 -1.1156510509747872 0
0.5158340214926751 -0.7411924623988583 1
1.562205733416676 -0.8119173973045003 1
3.182775002611236 -1.782006741818937 1
-0.887454010960586 0.42149495656636043 0
-2.483582006277187 2.8901253508164935 0
-0.5293897819683574 0.720510931988238 1
-0.5708897352940564 0.4934633634341423 0
0.5940845170197804 0.924569734184673 0
-0.02832998592577647 -0.28376248518883995 0
-1.0723219921359677 0.1564311407600436 1
0.07360973579269436 1.6031646199226313 1
0.3330409803425579 -1.3616752422097764 1
1.251460382138723 -0.6030469332122649 0
2.812480050393548 -0.8068523948474329 1
0.7282901180576127 -1.380070181069907 0
1.6911421401181175 -0.515963899356545 1
0.7130208470000591 -1.0449070761482764 1
-0.5127425988794321 2.1740689308336028 0
1.768827381885438 -1.757171151023251 1
0.18573601122891248 1.4800998675499293 0
0.6728285589324787 0.9261463367974856 1
1.1367916776723936 -0.18390105474918367 1
2.122414720752479 -0.4061064722550949 1
2.376577722931803 1.8186150346338898 1
0.6311612701114591 0.7036882743031543 0
0.19208467070924806 0.6730873639954073 0
0.5071519287086101 -2.3342198557148 1
3.0327071296919152 0.1036777716181626 1
2.0405998215757757 0.9908359722966238 0
-1.2092963046482177 0.9165426265226437 0
-0.15467975111575472 -0.6603099052497831 0
0.5475489125417023 -1.7144045181752496 1
-0.5312534547520572 1.556852174587768 0
0.34664345953758524 2.0807056896152756 0
-1.044065931767755 1.1874783316971187 0
1.4902936800254576 -0.9586501758939403 1
-1.233572414314747 0.8249445743028025 0
-0.955158217935255 0.12364895615531607 1
0.19823135257024954 0.054575213847524784 1
3.092724965368805 -0.6227530337989052 1
0.3177822899666197 -2.32716987032908 0
1.3109929450178672 -1.1448647878456635 1
1.134286938046705 0.41333945476234085 0
1.6296452542063529 -0.598021132686555 1
1.1116338749597359 -0.08886864430174202 0
-0.9959336254625558 0.3587949437680292 0
0.1097949836658211 0.33358853218883994 1
2.4229242983079846 0.9807300650191121 1
-1.4323326073283547 -0.12932499326674796 0
-0.1183722608970037 -1.6223759586976347 1
-0.7360476074886169 -1.0022182317790753 0
0.6891811575958797 -0.17138873990397874 0
0.8136449773982363 0.8338314685530488 0
0.025045258114593794 0.7755743097369416 0
-2.029511168444707 -0.2391656650369448 0
-0.7528334199350885 1.5110789690506998 0
1.479655647131429 -0.38772553959010664 1
1.440302449498142 0.6419530400916811 1
1.5912903416388475 -0.11753985011126644 1
-0.4055597766498852 0.7904487439970049 0
1.2710272937416498 -1.6664680190383527 1
0.4430036620767652 -1.0670052918790773 1
0.666889046565365 1.1806239964174785 0
1.5680191453562493 0.4670627825421304 1
-1.6858691916086246 0.25220611677442833 0
-0.5447062020302887 2.2100907934607004 0
-0.6478342741664294 0.7693633050718152 1
3.4679402162572375 0.5233260171269983 1
-1.0115061449525624 0.45543839959049404 0
2.7469107793124548 -0.7582119805140785 0
0.3642124526137004 -0.03990354824693346 1
3.129310891046731 0.22673803498561818 1
1.2522295849667235 0.5680347076262865 0
0.3685693473213435 -0.046254263211366275 0
0.8835352993048556 -0.29974305340439344 0
0.8270089554213902 1.7628039643691662 0
1.412440933114649 1.32860077069573 0
0.24828234629288476 1.041711668222033 0
0.36795253260160754 2.8440723799463874 0
1.6736288387125555 -0.7180787946145116 1
3.6744758375352653 -0.5135627365478809 1
-0.029127045191311707 -0.3152826509447869 1
3.1409894625890526 0.3463503241462688 1
-0.627117200845395 -0.3692770967317718 1
0.06481400559071086 0.06435050655233165 1
0.02490675924161644 0.9635342734011966 1
0.6863106906780208 -0.3419473890585012 1
