0.016185701588911194 1.9987413935709148 0
1.2597196856865864 -0.015073081476780964 1
0.8077466780081675 -0.9142452648903786 1
-0.7107971718296294 0.2104824439594452 1
1.3104260908042304 -0.36032207565373103 0
1.9152614268584949 0.4986485468823496 0
-1.6213687442249434 -0.17593217208189726 0
1.8763145819864722 0.3116735818948755 1
-0.9646486688123925 -0.1927040120168123 0
1.0801852173292184 -0.5499149839222292 1
1.0674969857805436 0.3439443722072774 1
0.4629390907464981 0.37668577694257216 0
0.8179417152954618 -0.2550775443424755 1
2.7960502646659884 0.22601789743835812 1
0.30149766316274973 -0.2912068478310714 1
0.8790271137871218 0.747782423940184 0
1.46666181951002 1.2080128417360436 0
1.3917538822091027 0.19972912470187504 1
0.7752553379829085 0.6485277474085869 0
-0.29564106165669496 0.029062638412465647 1
1.427320401962692 0.40169134764172265 0
-0.22512649255452644 0.3978839851027903 0
0.6120395218821117 0.8778795641066693 0
1.717254026833223 0.8286932087724416 1
-0.778500054573602 -0.46121354937572784 0
2.226516564836495 -0.26634103228305683 1
2.2502024411276413 0.6281985616261361 1
2.5181693637709204 -0.4202413268670374 1
1.7307077039160554 0.3229930420859958 1
0.10851691711831646 0.8046966479891258 0
-0.12239832041501575 0.15486161611107085 1
0.8130925293367834 -0.31576694360725366 1
0.49544330792075697 0.24143279420186559 1
-0.5222608607701276 -0.07982717944706957 1
0.2078363487362474 1.2187067346807934 1
1.7965665842664413 0.507001140407599 1
0.36497156862722663 -0.22778883009576345 1
1.612308614826404 -1.4819473863447525 1
0.09474550741010403 0.2735661791853191 1
-0.13650545669219805 0.2870409577774488 0
1.8492260823053166 0.4222356284162619 0
-1.298825180828072 0.10034158656366116 0
0.7255414365628378 -0.23937811515267549 0
-1.22173413865588 1.4724722172723266 0
-0.9516225394932424 0.3964781782961364 0
0.3134963008425957 -0.5115706767803329 1
2.5629159221795317 0.1737126345756796 1
-0.12113857535548739 0.7555317143645885 0
1.3497716139955047 0.4629571032613079 1
1.7854379358256525 -0.45510999364387883 1
0.9544946547700863 -0.16914561745828777 0
0.6158764994798409 -0.9513845228524898 1
2.0288025472768583 -0.02878157619480015 0
0.03304753207937294 1.0166874722472588 0
0.8152119207064058 -0.4407128107949165 1
0.3589915899330476 -0.15058191683955113 1
1.9485837690952366 0.15643862584192314 1
0.7122030951253925 -0.44205776050203555 1
-0.6554740538562611 1.2987156906794315 0
1.5049888493268555 0.7910137276427185 1
0.04312960822559729 -0.17475303176702792 1
-2.0122721311785536 0.715782559039235 0
0.9633191804920141 -0.06825852901449203 1
0.6333620475128772 0.026118742771116338 0
-0.2583503080912479 0.2671276575134499 0
-1.1716038359096335 0.7677960474864245 0
0.7124414619082415 1.2344977204144394 0
2.259524390107255 -1.1398347890354454 1
-1.5131584647282117 0.5467055340132884 0
0.674369215805635 -0.6102768228182909 1
-0.09293688219433677 -0.30641358002558805 1
0.14708669953099637 1.0506470837474393 0
1.2098267645384797 -0.46384793967127347 1
-0.6052499633399446 0.6953512912787361 0
1.8761880450511712 -0.2724750237011838 1
-0.8192914784686021 0.08022669583324527 0
0.50926469799906 -0.9621451050523774 1
0.05459020562234171 -0.9717129471817253 1
0.3108914264431317 1.1982769914628926 0
0.551463512142567 1.3741574022638658 0
-0.015431690155925493 0.8002448957516665 0
1.2235771754828624 0.7809077201068453 0
0.8256565513609071 0.1257728633857348 0
0.08100079983594016 0.6393134541366078 1
-1.0037350289985683 -0.023253469991273423 0
0.07114064823623328 0.3131378638828889 1
0.5666156508662568 0.22877990908517654 1
2.1982598422825577 0.5902283051361685 1
-0.2830171235410881 1.065479193080694 0
0.16093486277507235 0.5188344413732024 0
-1.5122340618951744 0.1661555080565213 0
-1.0969160441139043 -0.3216403604024155 0
-0.032028058851276575 1.2568938678071029 0
0.13737599308476645 0.2958165815760556 0
0.22460524239437124 1.1728127461464453 0
0.6177440543981035 -0.7676301542110526 1
0.7791519174268589 1.2729037597312403 0
-0.7422403132104026 1.498143935005821 0
-1.1344154577406083 1.942947509009528 0
0.02603435132604459 -0.2081413187462241 0
0.5232795078038236 -0.6161478713884174 1
0.24872938498368605 -0.3018971315539304 1
-1.2780092652749644 -0.6780617611658363 0
1.8367883762798778 -0.7725941509541824 1
-1.5241023338233974 0.3048317817353529 0
1.9847140648262842 0.49040585317392116 1
1.0370086382841674 0.4224976230030691 0
0.7915400159798918 -1.2629782669439125 1
-0.7116091276392879 0.9574801742645316 0
0.2546773803095405 -0.7092050148726927 1
-0.8447729832453215 0.7735812100851024 0
1.248207422220898 0.8228137594513156 1
1.1165331026072354 0.4374046460429547 0
1.1823357573131958 0.007899179691684799 1
1.7200660195611046 -0.7560413713022057 1
1.5969315339047425 -0.14639133050755915 1
0.380286546237122 0.49696593568336245 1
0.6825301524407252 1.1815236271708867 0
1.0002357862298143 0.6912024939952428 0
-0.14306295667179036 0.1805922310898097 0
0.3497142326232515 -1.3107713864229504 1
-0.09709046965526873 0.8947613581061811 0
0.47586219517789663 0.35561845808413395 0
1.8571269670809025 -0.5254812859203501 1
-0.48183199002858873 1.0398043958553063 0
0.8269363188698409 -0.36840467081721895 1
0.530178792263583 -0.14483411443677874 1
-0.6997514103252827 0.7659296112957568 0
-0.8885035197122801 1.412149203981465 0
-0.6116054836018632 -0.4637144020579759 0
-0.0441748913948945 -0.49383702046860417 1
-0.1438117607742455 0.8167898331622561 0
-0.2405137973376424 0.6719330236987928 0
0.5836315352348735 0.21970589242263439 1
-0.6351514155775849 0.5152232475854938 0
2.13246905052046 0.545529620591754 1
-1.1751219029518443 0.20506033754821984 0
1.1268264966484645 -1.2074042205415338 1
0.3407099222962698 1.367383247193199 0
0.2404333473758336 0.8755810121333866 0
0.6898066129875184 0.12746864434622096 0
2.065809355865748 0.27237536661592254 0
1.5604704114270929 0.4521242392759679 1
-1.044837271978983 0.2962310087789256 0
-0.4789055196885087 0.49763737334710806 0
1.0264260000590175 0.12490191636374187 0
-0.7389674781265092 1.2069397080093611 0
0.8188494708499117 0.5272547385911242 0
0.6268131522363644 0.7391650094895251 0
0.9402774005002776 0.13674383765834797 0
1.1983112495466155 -1.0843807080946322 1
-0.7652740689591706 1.3099828391293469 0
-0.6600573789881068 0.7819841824296457 0
-0.1743300058966741 0.23119719916875014 1
2.1801073179115433 0.021347825827730982 1
0.22954445700406229 0.4788227043782807 0
1.7715062228140304 1.7299707607802401 0
0.427601566844968 1.4119244803036415 0
0.6209901610925666 -1.2928721501828222 0
-0.2022755255768357 0.517491071023534 0
2.4602119338147275 -0.30862891907343476 1
0.10222201582483112 1.5254156226616402 0
1.2188289169721958 -0.18062460781942297 0
2.537363452740691 -0.6480255944763016 1
1.4480297680654484 0.23877606549926508 1
-0.8159319520190049 0.2982137738142587 0
1.1635298654270596 -0.6095928291441334 1
-0.17420650457655973 -1.1451861249054491 0
-0.6270596801623942 0.22781598153558116 1
0.006967473763401011 1.148215493677565 0
-0.15934513870574118 0.6976379520980105 0
0.35909367540565507 -0.3002409911450702 1
-0.2395984154301979 -0.5194453647404725 1
0.44411498987058917 -0.020772415106943 1
1.407143515030632 0.687192041914671 0
1.4172164920604609 -0.7849992543338205 1
0.10318307363571874 2.012801506677506 0
-0.8297369016940823 0.3885666166824876 0
0.614053460871461 -0.03096035272825534 1
1.122811678742755 -0.3218799591406185 1
0.7147092968697206 1.4422235938614074 0
1.8507616518906074 0.2570491936147708 1
0.2227581164497043 -0.535111126695263 1
1.012592230127517 -0.813774045516937 1
-1.009225827653232 1.6296983745991511 0
0.7946058110036935 -0.1708816396159744 0
3.212375676018543 -0.08594849429116147 1
1.273213082002016 -1.1748275884747281 1
0.8836018947242474 -0.25160958163215175 1
1.0509490231228997 0.2903624740943977 0
0.33645226041795295 0.41437578319078383 1
-0.43751567700950433 0.7186146980388564 0
0.36465319963864207 0.3443020839980822 1
-1.2785712311953266 -0.024624155070448572 0
0.9089247192648298 0.3154337391363203 1
0.48851906905346676 1.0847830837477819 0
0.8742188145456955 -1.1565583982815917 1
-0.7587546113097978 0.3244047938884734 0
0.24613399814831574 0.9879212504799751 0
2.2438387084960953 0.621435262569066 1
0.8013161528787043 0.3524670702794942 0
-0.49402206698607654 1.0273749386516728 0
-0.14084326883251164 -0.2714957082647038 1
1.029873911294866 -0.24605044633908452 1
1.622922504576735 0.8753846155093193 0
0.12426449588350097 -0.18075786298966245 1
2.020541186991537 0.8026615122866654 1
0.7736908849904802 1.5606957411730737 0
0.772685983148728 -0.1515323661698818 0
1.8667722904267041 -0.42326926379762464 1
2.5736385098347085 -0.29286331459881776 1
1.7330625542406985 -0.33949484422099874 1
0.5127723612370723 0.6732152699096597 0
0.2655090354085885 -0.10813893324390367 1
1.3133500346678528 0.8064906327352535 0
1.0515935079160288 0.581767714444612 0
0.9750846807614215 -0.04176174433553376 1
0.9990459626977165 -0.6472490350954215 1
-0.9906341993279674 1.2760124383037565 0
-0.02145607049350018 -0.15927677873410717 1
1.1460162346886333 0.6276401804865976 0
-0.8599719018032628 0.36599547789167947 0
0.11442637645257336 -0.9014118002880709 1
0.4763441731705451 -0.6859060618652479 1
1.065456037621967 0.03103122451047091 0
1.5307435648456433 0.7501159314520606 0
0.5388489101184123 -1.0866584119169707 1
1.4288023556838818 0.546753758855091 1
0.7782373050896167 1.9108151227414036 0
0.815935523330844 -0.41208509809235894 1
1.5751387089563742 -0.5731569917831089 1
2.967069970942458 -0.3931938265331891 1
0.816162538881097 -0.5514550477828333 1
2.617180951366035 0.5936106089858411 1
0.6431546936274435 0.9822141867794003 0
-0.5715917051773802 0.7841698821644534 0
0.20789011974698496 0.7316397546448342 0
-1.1634260732260908 0.7975894008801917 0
2.2526252142070637 0.6851338157158011 1
0.49914592904160643 0.6547947702778057 0
-0.06871110702565236 0.43044656492134115 0
1.338663124964777 -1.1852195070635747 1
-1.0592788274259612 0.9454082061754214 0
1.7600492086398858 -0.21753765748342874 1
-0.35688197591712895 -0.30177669566088416 1
-0.19394232083112117 1.3753367386386854 0
0.12718443848754643 0.20508077258668872 1
1.0147848361576257 -0.0760326571571466 0
0.7623115016551447 -0.13997949556496164 1
1.6022883202584446 -0.24745586211559353 1
-0.48385852293702636 1.0486725082519506 0
0.1611519287972626 -0.9306484222554273 1
0.5750832217330795 0.7196530925047513 0
0.5591738787584323 0.6786306721707442 0
0.762060331098191 -0.4324694672980838 1
1.101512233236858 -0.5293044436024846 1
0.7720162842020811 0.03142467431150597 1
0.217595551339051 -0.11077745013933449 1
1.0026842109229865 1.313248321685392 0
1.6973029955909686 -0.16530625835407947 1
1.888319643654537 -0.9298260542141336 1
-0.4778961168778495 0.8681528051792455 0
-0.3257614553154614 -0.700240403972406 1
0.02100063899378729 -0.7884196647770884 1
-1.4734090688386141 0.3601822107074494 0
0.2839047799089611 0.3893721684002942 0
-0.34307893351385427 0.27667357634360223 0
0.7337027852890952 0.6651866844682417 0
-1.3560084375838788 0.23500161574549802 0
-0.5281915811193243 1.21138694576492 0
-0.5761535686970922 0.5084453714896443 0
-0.11684681235298208 0.00415918647052016 0
-1.3698699481599155 1.000815843191772 0
0.6702161120647189 -0.9545630705867942 1
0.44177903368534505 0.6905467962025119 0
0.5833163156649614 -0.09774249662245998 1
0.9385903781373859 0.5749568462000239 0
0.6203955294856118 0.7322317459528781 1
2.377566218022756 -0.6152385301814057 1
-0.36734393177727825 0.0821281962169334 1
2.5670728976800037 -1.1188338824323139 1
1.2389717288582536 0.6151845440850702 1
0.7402515948887987 0.398058470192061 0
1.0869419394136912 0.2593146779941341 0
-0.2119937076114749 0.9585662832001296 0
-0.41931361646873017 0.9423356614255574 0
1.5228128849629248 -0.40404748082653136 1
0.2646333644041111 -0.31951435474078604 0
0.07822470475773288 1.1273577916746587 0
0.695674576534411 1.0141322732069733 0
-1.4362448857442944 0.28102398098949927 0
-0.9999339508898717 0.8489845092299493 0
-0.25615468142308595 1.2843251843942505 0
1.0537467669898366 -0.16489016313120233 1
0.5065936905335907 -0.3313059302716943 0
-2.0240884680523274 0.7634085823683776 0
1.4754063977253564 0.35467602913399426 0
-1.025431772786785 -0.31853848826533726 0
1.931391812329841 0.3648328088325812 1
-0.37753698004333297 1.1176775093747902 1
2.492205411688585 -0.06510891016161764 1
0.6729134209619786 0.11497754107960068 1
0.21563223930380904 -0.6758755342553143 1
1.5247957461640045 0.7943160702895142 0
0.6055647510055076 1.2134072553325923 0
1.7816545454628518 0.5179465025912138 1
1.8773533181142414 -0.5669335129821377 1
0.657553427588262 -0.18285651568747413 1
-0.451886040566576 -0.1967279749482271 1
0.2963625305079215 0.8584812558501649 1
1.8509213004463771 0.11663466936388825 0
-0.5896604213058703 0.983412795824484 0
0.26427370013416895 0.41036309944731303 1
2.2512911911437476 0.3169277601924988 1
0.37416627478497777 0.14506794979301119 1
0.664295304299894 0.07202584510742616 0
0.6463744609771495 1.6967078347343219 0
-0.5610333960940144 0.48417181393175324 1
0.4668170461710456 -0.29706640513173416 1
1.2238142485050145 0.42606370147049466 0
-0.7157755509719603 0.08231077198457344 0
0.6957690070785061 0.8149755772381639 1
1.3947374844181064 -0.41871545029457063 1
-0.6517208236190661 0.9174971564949165 0
1.4242351481390887 0.10298372967678077 0
-0.1730075766887729 1.1787275939758204 0
0.7767142931290296 1.4179496040212949 0
1.0443504664743681 -0.059955618317229065 0
0.22485464748923856 0.04246626244850471 1
-0.8576872423736881 0.9187190680761581 0
0.7395563760885848 -0.9385213556406979 1
2.2043438527292167 0.07473691674300992 0
1.264256456334553 -0.4683586071480554 1
-0.4467709238955715 0.6569451426852058 0
0.7977932880769676 0.7177978408923095 0
-1.4581784262597721 0.875571924434594 0
2.111175438520871 -0.21657738980135555 1
1.818517527275847 0.13877167866706122 1
0.849289694070595 -0.7298132897565598 1
-0.6401324928870072 0.1028265179913721 0
-0.1639653321763908 -0.4560252993691667 1
-1.387160989292401 1.0814359697892528 0
2.4524023568992943 -1.1420154129383513 1
1.6911252222899722 -0.20693651480259134 1
-0.6925296671864691 1.290100122387443 0
-0.40965330699285174 1.2067253168075858 0
2.4623286259633543 -0.7139129801002142 1
-1.0932608566985813 0.7203721509008356 0
0.3975212599023026 1.667238890076434 0
0.4937399360796757 1.6332140755462774 0
1.3749031631564983 -0.11091810312341266 1
0.27906958977488927 0.6110768847553769 0
1.283665186216051 0.3228856656925949 1
0.6984245720386084 1.682298514778058 0
0.7084594020225049 0.9231668349171359 0
0.18438745611775498 -0.6221279381791575 1
-0.620041629718681 1.4224720362125742 0
0.909145515723161 -0.5967390068883331 1
0.10752014480434496 0.5108352530050015 0
0.6726414938158146 -0.2963586155701526 0
0.3152163772755199 -0.7078516813095781 1
1.461238494072027 1.025192402261528 0
0.8371468811868199 -0.7572892064793452 0
1.8890527350033235 -0.8054125899709339 1
-0.7618299529378951 1.347714920472905 0
2.7067399344893177 0.7458223046120122 1
2.4392741314046438 -0.5711156195100647 1
-0.28855339557260584 1.4062753871022933 0
1.403469467791897 0.18787555601338862 0
-0.15321534692818373 1.5124503375580334 0
1.241794216401864 1.2227143093744426 1
0.43623343139274934 -0.5427949023415751 1
0.2651653365079967 -0.4492034570968664 1
0.8279151833687373 0.29633639143113893 0
0.584594819232408 -0.28476455195470574 1
1.6060757158528043 0.7119884779707443 0
1.2978722552204844 -0.6458648970419785 1
1.00659126094302 -0.24747983254892375 1
-0.15744824239198194 0.27134870281747653 1
1.6389244441690596 -0.8089111025692113 1
1.5217089578664658 -0.8834415080160145 1
0.9542277110674969 0.8389049439682479 0
-0.4454913264728339 0.7122554425996375 0
0.2039958513181663 1.4749082440020707 0
0.3649273111081653 0.4639895658537295 0
0.5766197840957159 1.6863216859448564 0
1.6341906964614277 -0.2293074996627276 1
-0.41244121543608436 -0.18049421985738268 0
1.7463626610678056 0.29556384772682526 1
-0.6504049378476886 1.5880718616565181 0
1.663030197123469 -0.7982542666473127 1
1.657598327025873 0.09894288422449371 1
-1.1554855746450228 0.07630941626315296 0
0.20274062947915694 0.46535802825767025 0
-0.6764314759380664 0.6655400804676089 0
-0.3424728364360268 1.0162955955126207 0
2.2664402831799864 -0.8020922082454323 1
-1.3354640882767925 0.5440536799467663 0
1.536417864471123 -0.18831487201056796 1
0.5757933074777649 1.0152851300907175 0
0.6810270973511916 -0.8417208374510188 1
-1.017434832449657 0.788634526716799 0
0.3401168176545638 0.7581593439370734 0
0.07089121861803083 0.9841842463358161 0
0.5856365041951846 -0.8915952455462908 1
-0.6497294854458717 0.3043099193548839 1
0.39766219437440165 -0.22061174987556323 1
-0.7240109153643454 -0.4274103114437171 1
1.8981865489517664 0.793844263489973 1
-0.012188659032022625 1.299356116187282 0
-0.046268101501559286 0.2462729586453586 0
-0.9851066980841565 0.41663542136767695 0
0.28823264015976113 1.3182497834676672 0
2.275557211355585 0.4723460855823458 1
0.8341964531707677 -0.452934229106114 1
0.6174353166634914 0.31299666473898413 0
1.2680770238168118 -1.1322227088235044 1
0.9414505020730428 0.17132370009483133 1
0.24748195795321626 -0.5104202239384176 1
-1.143732428252085 -0.2262888311676517 0
0.5650261818751696 -0.8629848127577087 1
1.7598829973810886 -0.39805181336725237 1
-0.9835024404179609 0.13711782768160297 0
-1.0175422374012426 0.2981859428952999 0
2.1192216328248765 -0.7011733732311286 1
-0.025679161814371666 0.8507841997010603 1
-0.05963101849797825 -0.32721506968872693 0
0.7408527714992037 -0.9074995336280541 1
0.9385461165306069 0.7482878674453496 0
0.8352516010468409 0.7594605266092093 0
1.0533563580504346 -0.09425061594049072 1
-0.2712319529549868 1.2274604035517571 0
0.579758554763467 -0.8295855728338785 0
-0.36946724291847355 1.437142782639517 0
1.679495419266837 1.1330206064664532 1
0.4395981720728106 0.9051180054064827 0
0.23089451756174695 -1.431868938790248 1
2.2439373451522915 0.32212640893065614 1
1.2182407728086697 -0.4517674376627033 1
0.3583771717552466 1.16593701087546 0
-0.1625502890686138 1.7831441328455764 0
-1.2393812098611217 -0.18858719261392903 1
0.5866036746126254 0.3331682092303514 0
0.9785446430862612 0.44867741634879715 0
-0.7161066590674837 0.5105212015922842 0
-0.056234047276273194 1.1893635321238527 0
0.5004808835517423 1.5537039808635822 0
0.6569432548515508 1.2290673299522985 0
-0.9332181029025683 0.2955259346505802 0
0.09424195350777018 1.3480521502099874 0
-1.0699377666110679 0.9904508702342895 0
-0.25468483005990805 -0.38456005738715876 1
1.409741057028698 1.793981170910594 0
1.0587656226911228 0.35793196854385434 1
1.3533482894237747 0.07493890432425718 1
0.4082973868747481 0.5650520548723458 1
0.45433948130568896 -0.09421348458971093 1
0.8883700061660199 1.0844648883064494 0
1.8348663886264305 0.6788836727566936 1
-1.2822872322636314 0.28375195424636457 0
-0.3875967303077382 -0.04044953541119278 0
2.1785006307879047 -0.1948517667469508 1
1.1265464507542124 -1.3134318660556115 1
1.2161049619738338 -0.13871259097005623 1
2.1135656943676984 -0.507059564070854 1
0.036571385191874785 0.23559698225128262 1
0.7154976976806029 0.042282003667427515 1
-0.28112165216162754 0.5218945813523084 0
0.5848619265505562 -0.5875566156093366 1
0.9571431538943431 0.016784940433270723 1
-0.15079609174172856 0.10428937793277415 0
0.03437378937411552 0.5084740994724449 0
-0.25595409552651077 1.4164837103717998 0
2.5107906303387617 0.1505770029146101 1
1.0320748549975547 1.3163667770165386 1
0.751470672368282 0.05056994644064661 1
2.216430052740042 0.7416835360469026 1
1.1220245005758476 0.21585532969829985 0
1.4676427778081622 -1.1965777833090558 1
1.5983427541688324 -0.05157830103790051 1
0.6451725561993784 -1.0299330525464185 1
-1.10707379050187 1.5051138331710987 0
-0.9110039072637587 0.5058349529842979 0
1.556991259336317 0.743643173719857 1
-1.2678711725999112 -0.26705985433422896 0
-1.512242805025757 0.3496761934778021 0
-0.7200278147633659 1.0700910248520459 0
-0.23770182405303358 0.5111013612905917 1
-0.062265444492909994 1.1765213578698825 1
-1.7122784987676385 1.0374035296870407 0
0.4692838740414851 -0.47974537361015956 1
-1.392330946510107 0.6888287419016826 0
1.6923728402602454 0.7548573841808215 1
-0.13042088891207443 -0.689007464662724 1
0.9478724470757668 0.5404212063345617 0
1.1116181093737192 0.41505025958307673 1
1.5170346796354595 0.6390146484325148 1
0.525565820961513 0.5160477749635267 0
1.9046066978588296 -0.3329551647847167 1
1.2869510801742758 -0.559660627818813 1
0.30186788151503774 1.4208144174139994 0
0.08920220314997374 -0.1477371361781188 0
-0.020480372423674648 0.8743310249827071 0
-0.7642401071998779 1.3345627557958326 0
-1.8799088650412545 -0.7344636705314026 0
-0.22799048565485192 -0.7806309353869184 0
-0.19754014436180067 1.402548525782688 0
1.7080270163942315 -0.4001045238958991 1
0.021782375924876196 -1.2630154552685 1
1.3892231353716928 0.25867556148741605 0
0.012182515756942264 1.2916117540021712 0
0.21964912057702282 -0.5733129007670275 1
1.7379193882277213 -0.011740031372611495 1
0.41622402937320846 -1.3498314610225872 1
0.4581536981550818 1.0468333052939858 0
1.2116068811572278 0.5062567604455301 0
1.1603984476791682 -0.09348305439297533 1
1.3365799249817407 0.14669880571284544 1
0.8628383131045783 -0.6213550299696455 1
-0.46558153064067165 -0.007111094596752965 1
-0.8225101628418562 -0.013700560442719723 0
-0.14510646430817142 0.2904777072223904 1
-0.521632793123471 0.6348757800967793 0
-0.2593533616541669 -0.3320169169064749 1
2.189321065124552 0.013676615435811543 1
1.974113173142698 0.939726308280805 1
-0.42653300422811213 1.0011849982591925 0
0.9143939424049602 -0.6273083031512315 1
2.233819370627842 0.023787182108791993 1
0.5512896914429251 0.6863777360708206 0
-0.026112564508705416 -0.14891025222012486 1
-1.706817042481661 0.23599052650288926 0
0.9699333290519996 -0.5330466034846673 1
-0.7372523916444544 1.134965006486468 0
0.45309507165809665 -0.5206151921309805 1
0.18391850732604292 0.4661358520299657 1
-1.2543070323879442 0.45090268523016586 0
0.2068086940553453 -0.3895342413825854 1
0.05217438479615169 0.5389249228885709 0
0.6817217856390425 -0.8180537975050294 1
0.048063475538903944 0.043049305508637836 0
-0.6937642860243842 -0.2156252756499818 0
1.2335650638399172 -0.7265096826151753 0
2.0480267368424676 0.06751728321745665 1
-0.7446783487107095 1.5470048566705494 0
1.865991197302213 0.23063587474351355 1
1.8043898452115534 -0.293894163921816 1
1.5483100347937224 0.09127374167144953 1
1.508737998694193 -1.7888367098714228 1
-0.6149788868108219 0.710959654644705 0
1.4026422969229178 -0.6640162175689646 1
2.27659617736895 -0.049065648155170144 1
1.5754164669763997 -0.03228727070682719 1
0.06866644324052104 0.001009230856751829 1
-1.6756372904915813 1.1091815958074394 0
1.2233192149766317 -0.10666977727008137 1
2.044510035868143 1.0072848163113752 1
0.7548948940043008 1.3113639018650562 0
1.1434734844834276 0.26067957275681836 1
1.8165750752329777 -0.03571369717937353 1
-0.3659454809109538 -0.9908787009278271 1
-0.6680129332035168 0.6769772021102753 1
0.6032266695634749 -0.6141349766840117 1
-0.8788525180036926 0.6760004040698527 0
0.8035926530846964 0.3818408821606244 0
0.6357933265673656 -0.5131818206418429 1
-0.3891612634550725 0.5828542101632895 0
-0.759465787220866 1.0326439423850775 0
1.8210400169086232 -0.08974403051328227 1
-0.10461344741750467 -0.03547644179325593 0
0.8525332099172344 0.197687409097397 0
0.1995023511512039 1.724886689307417 0
-0.4462762211862343 -0.3866806307052687 0
-0.750075980952048 1.595093628182088 0
2.0574265114097643 0.4248526405732188 1
-0.7348838642315206 0.848383780440441 0
2.3282994909367396 -0.4775668927433919 1
0.9506004355596915 -0.022363770894479773 1
1.3706400662070413 -0.019118232364495613 1
0.3888287804073105 0.2694506098731576 1
0.593467790436052 0.04216239166809968 1
-0.12578009891300435 -0.07441187430564862 1
-0.33481427491565724 0.6625315258910993 0
1.3923714351520278 1.0797061868674322 1
2.2100495197728525 -0.28612204455907825 1
2.127355443988584 -0.47332473703847516 1
1.1699834280064205 -0.20489204307215259 1
-0.10368839035307037 1.1143122184731278 0
-0.7463969170769156 0.25866556224744314 0
2.9117561505484755 -0.19001236539084748 1
1.0585574095913945 0.13606870628053414 1
-0.05612673424688319 0.22409216869481052 1
0.18440247757929207 0.46285408631567987 0
0.5597683380700607 1.3213017935883224 0
-0.04957306191168101 0.05115110266396761 0
0.38736282127039656 -0.6733209079505466 1
0.6509103153412261 0.7468159398438399 0
0.7414562452014416 0.7940813245617987 1
1.7938012765082683 0.6931018750309897 1
0.2666578638842459 -0.1633166256775046 1
