1.7463831821673534 0.9341101878309074 1
0.7511231070044324 -0.37701624357543007 1
0.028141863613725282 1.3405363366399463 0
-0.48706375345712605 2.1154652203931628 0
0.7927964536146765 1.714558300936143 0
-0.31305303056991596 0.5590857637587979 0
-1.016975702892319 1.634216947385776 0
-0.3381294948287776 0.5807259770506107 1
0.3748959022917285 0.5997636704199327 1
1.241695785774407 0.07489185688940492 0
2.0109555113027806 -0.44710293012915586 1
2.868282879710449 0.22132544004603394 1
0.11610322080428115 1.702555642509956 0
1.1182003961973481 -1.6431745177732218 1
1.741795655366081 0.010208900414110988 1
0.303205949591404 -0.6057415101276317 1
2.431181457426255 -0.2931680868763444 1
1.3270624335062642 -1.0246680387222609 0
0.18463023402414586 1.2635894348498538 0
-0.5225511141381675 1.1156130753488018 0
-0.8704007515816905 -1.8738883370539732 1
0.8508567449369677 1.5316605408318948 0
1.03044470046586 0.9892868185340412 1
2.708436512719918 -0.15695801258530456 1
-0.9103360569315772 0.35851044560847034 0
2.0375539185417377 -0.14620028414509545 0
-0.7325457008148931 -0.08936504061751893 0
0.22116317799014903 0.18607080112364194 0
-0.8251414416223863 0.9960585748854154 0
1.4210409517778562 0.651324700866068 1
-0.06704027575008703 0.7516523267272056 0
1.8757271977256869 -1.1730513069456756 1
-1.6558992003541693 0.02229314460470988 0
0.03561898874089853 0.48290201227451934 0
-0.8311948633375347 -0.2587543738068151 0
1.4365784154597552 0.6396581170981621 1
1.7750119174384762 0.8205852096762567 1
-0.854076321587062 0.638953048678066 0
0.525173898054401 -0.8548422041701526 1
-1.009957367709871 1.0246679766338536 0
0.66073913873155 -0.19320317964824235 1
0.12161145849426469 -0.2207832188301982 1
0.729493831995101 0.6646499838795633 1
-0.23173454093347134 -0.1459328654186165 0
0.9177937201559275 0.19244994069819166 1
-1.465623851855519 -0.048149874635093015 0
-0.7104304567227457 0.7566155698057444 0
2.268843964976966 -0.6092016097520856 1
-0.5481450634735061 0.9015651230443261 0
-0.8205221366840598 1.144804001911062 0
0.9936235965072309 -1.1715623101801649 1
0.9365778677497166 -0.25191013572351123 0
-1.5687836196289653 1.707605197666638 0
3.1183010834003655 0.17165091931604332 1
1.6687192295640645 -0.2474201796062489 1
0.36790937094859233 -0.9735621674107371 0
-1.1675675959250236 1.5843606819704008 0
0.4737805130477053 0.07626908394399945 1
0.3934656569887214 -0.5207736344820948 1
1.664472051313392 0.29587856607134644 1
-1.6134644728799379 0.008660957638843694 0
-0.9414170798463968 0.8179161507712711 1
-1.9480949335759288 -0.4838572362296637 0
-0.002699404605978062 0.6456822252934117 0
1.4686364302922867 -0.41514023515990145 1
2.2259712256528017 0.7034479796732187 1
-0.04333657566954169 -0.37567443542998524 0
1.6070387585174952 0.10204436573607856 1
2.66000925079701 -1.4093441117466081 1
1.1495181768794114 1.3241781359018399 1
0.8379102016858535 -1.1264638980605264 1
-1.6018605705250255 1.3035634546941532 0
-1.9841116405100765 1.3822235747053677 0
0.9535776215618299 0.7264342365178454 0
1.879204947210954 1.150437518957615 0
0.8606582071374721 -0.13907019213309013 1
0.5075459674999955 1.9371450410924083 0
0.036785462375246825 0.6691039846527158 0
-1.2385849396536686 0.08345300775608888 0
0.7038257452184469 -0.4086434714426717 1
-0.13402834539215722 1.265125658123897 0
0.40898202999076383 -1.7599116296469917 1
2.1385329592251177 0.3431320216222886 1
0.5259399294741993 1.6027155914765836 0
0.6004959408567841 1.1998292838084414 0
-0.23065749469098196 0.26977317872926 1
1.3101522100006038 0.6042186617074994 0
-2.148638696317695 1.1389605701728618 0
-1.2849626993150287 0.2446177752308294 0
-0.8013782383154346 0.033809837190861836 0
0.07014691063328649 0.0944175692970729 0
-1.2534974372429917 0.9728065025573135 0
2.51550882261618 -0.24263770377534943 1
-0.5954865447177884 0.9622684670247472 0
0.5067942139279948 -0.4929476470551843 1
0.2631197428587746 -0.6541208893643301 1
2.3032874249076545 0.853463221747572 1
2.160077263283359 -0.1162456349608138 1
0.9193491048388818 -1.181507753719519 1
0.8598779968289261 0.12792708013137255 1
0.25448944912024785 0.36981908705523864 0
-0.7947821814189762 1.0388991442512872 0
-0.9950951974726686 0.4714755168136001 0
1.6574673959064972 0.5341973137798871 1
0.41131467401767763 0.7869006502155347 1
0.25571819310214305 -0.14535573534968527 1
0.479448471122547 0.08222901817998707 0
0.29460819097503765 -1.603266688785661 1
0.23305111932792 -0.5664800147917128 1
0.699070315095676 -0.6641153647433131 1
2.687633718912563 -0.0032141545786750214 1
0.2899486911180005 0.3621100684161495 0
0.530958247364676 1.4663914912074163 0
-1.6662615163109002 0.6867070388757407 0
-0.7542456300831892 0.9558941371173022 0
-0.8017573421336792 1.2265820328344597 0
-0.6439379458667245 0.014925262074465873 1
-0.4626098935308447 -0.20341013032695546 1
0.5829994297242646 0.4724277471613383 1
-0.21853143373280504 -0.12217875089821056 0
2.5665233343931595 -0.007355944662334746 1
0.31100847761174166 0.588176123981079 0
-1.586415683364713 0.7960106355239089 0
0.3774319846179435 1.68500010814531 0
1.3065710278245946 -1.3191809269682546 1
1.307471668580828 0.10084385023799025 0
1.5841764541448737 0.47782519601260076 0
1.2616812042133678 -1.3254524413703046 1
-1.2492390326543035 0.9903867872258387 0
1.1926561126505244 0.4462669070193658 1
2.165273808655943 -0.22971937702979506 1
1.2092412690065548 -0.2398438262841619 0
-1.1454816409249524 0.8799240300512166 0
1.1657966841940772 0.11457057972514176 0
-0.7136083281983429 1.6635102504966626 0
-0.9771015842517178 0.17937548446680943 0
-1.4700881119982843 0.3515544010022971 0
1.073822558114671 -0.5386305836504972 1
0.03547304767688031 0.7143095391799978 0
0.5797095513266797 1.3521177719038355 0
0.39104198388285727 0.7404216488034079 1
-0.4974938389320921 0.40992728415590485 1
1.8765615412066707 0.02396192295096433 1
-0.837147735873383 -0.7968909961738606 0
-0.015135949059579091 -0.27345458388777566 1
1.4352384716088742 -0.5271035766990854 0
-0.048947812662095525 -0.9127323974752388 1
-0.6721253517345498 1.511024689274331 0
-0.8518300639868294 -0.7602948979229581 0
0.25296137018196135 0.0357536096124057 1
1.9534992391149943 0.5283782893808839 1
1.7679895795085316 -0.4479118864751052 1
2.0619696797432256 -0.3216644245377408 1
1.135753885127209 -0.48191620913286637 1
-0.9215040863562255 0.18643652971653213 1
-0.13959322399910046 0.04130345769212662 0
0.35879715889706 -1.9683916606379839 1
0.8352111143381805 1.7655249961852646 1
2.441450211285673 -0.9844859987445717 1
0.3359903170126909 0.7098774106615028 0
2.0828738157218245 -0.5490592663134245 1
-0.9206873395968463 0.6766713611094253 0
2.817588679755265 -1.4620110773786443 1
0.44673081045366403 -0.3237216649120287 1
-1.1153099671861604 0.9397769165910675 0
0.39818606327740336 1.5221767237329613 0
0.162084395707212 -0.4915918402345727 1
0.07054269213115708 1.1802039459889067 0
-1.6882443425431486 0.12367224213561448 0
0.6609103270682177 0.46903088982214813 0
-1.8842826768374374 -0.06340235070942069 0
0.10210893128317616 0.8887518578018373 0
2.275736904247163 -0.9073836082084435 1
0.0373697238739121 0.02103318283950406 0
-0.10368631123591945 1.162193389857731 0
0.5746271391964042 -0.7938509892449256 1
2.1290093937898633 -1.4900443615119976 1
-0.16759027524289083 0.02356508479873537 1
1.8791907745730339 0.050494473061423684 1
-0.6646109728598752 0.23828550832480816 0
1.8415246172572317 0.27275880538578423 1
-0.14943891291385691 0.34103464086094964 1
1.8425426003428411 -0.3812622184997901 1
-1.1133655685489372 0.8525885766197213 0
0.5938838273527995 -0.11599760780462598 0
0.6165527782989462 0.1785445444171394 1
1.4583503733069934 -0.5740128141479854 1
0.276100217759697 0.7235609573975234 1
1.9229525248348307 -0.9682274399468599 1
-0.9340923626932184 0.677689529277504 0
1.03882953073343 0.1439757394441643 0
0.29238492495356355 1.6880150299124916 0
-0.6517627485055901 1.5193764374572365 0
-1.58440423086757 2.320144349043607 0
2.448369839243685 -0.6853723053934635 1
1.0411497192481973 -0.05558731742329592 1
1.5377698878783743 -1.050810020009116 1
0.6843439569660076 -0.7431468628323014 1
1.0599233360806903 -0.531964420954721 1
1.3770722483121678 0.11255604970512767 0
0.5695971596910511 -1.0502455792534322 1
1.0707297666217543 -0.5474479634566269 1
-0.47242612460564404 0.023301660624916454 0
-1.6968102866851806 0.34278833465038555 0
0.649943942162412 -1.4576688045754413 1
1.2123142216374068 -0.7679863635378305 1
0.9222238442613577 0.10356438603036222 1
1.4824240151697967 -0.7379668074367324 1
-1.0575874234614304 0.25830076216641557 0
1.655137680837135 0.3036743816023482 1
3.004685387951586 0.9535451801431741 1
-1.7338146114831363 0.4192100113684787 0
0.4952713959172197 -1.6623656261215107 1
0.19096647175030534 0.6607666556204945 0
1.8717695920365505 -0.9215624936010409 1
-0.48970518021965137 0.5692624642318302 0
2.3858452579123677 0.405165624609542 1
0.8321010327812709 0.16657258566983224 0
-1.3949781155634544 -1.0169538762180979 0
1.2831546409393866 0.0419686219198504 0
0.4929058398795013 -0.03358182793732287 0
1.6168185016241317 -1.2680118171387114 1
1.0147542820542692 -0.6080070342501381 1
-0.8757938480056573 0.6905464646640054 0
-0.39779254591628876 0.49948258129764933 0
1.804167765534094 -0.9207792071705894 0
-1.692343778134448 1.0305444836622732 0
3.1410973919999554 0.5013696857597063 1
1.7125561887262273 -0.9292413783853759 1
-1.7939856903524949 0.3236256412051073 0
-0.06315487065511216 0.18112706090673547 1
1.7487148513676132 1.4319657562747983 0
-1.6952722120086168 -0.010349939662548796 0
1.6101435793884187 -1.0553208147337068 1
-0.9748573526723592 0.9410448591488856 0
0.28613575490737553 1.93575441485636 0
-1.5007006338908826 0.2862726667268693 0
-0.664822173301927 0.4089340786613078 0
-0.047278367916614994 0.6646194036939419 0
-1.4718030679668004 -0.1950257991854224 0
2.1595469785935597 0.04831079455314213 1
0.06426056895677013 1.0968307713190164 0
1.6167116905498973 0.8318797786368217 0
0.4153836886383022 0.06315852288987844 1
-0.7147993570906244 0.6076724536029308 0
-0.386811207344652 -0.3971575835090841 1
1.4072768754913667 1.9489253563729303 0
-0.8017496516455513 1.2619737368327621 0
-0.28687678842234815 1.1042319267359886 0
-0.3649120709142667 1.3981048031369758 0
-0.23939960195486287 0.49771707233565216 0
0.5225688398057315 -0.5209492943866374 1
1.5813901549945693 -0.9290317395785828 1
-1.1159011774642578 1.4338783618818098 0
1.5004804134881868 -0.27805106727488127 1
-0.6177670841315774 1.0452038925119362 0
-0.3728264352110627 1.0155919354689587 0
1.0690299375093768 0.018016636030999955 0
1.1755423439436892 1.1542226130519269 1
1.7802634025313795 0.6099329842384481 0
2.521333721423354 0.030133622076729427 1
1.6243837738344649 -0.6456178931988102 1
-0.5381254521166429 1.50383470708464 0
0.31353037823921037 -0.7663723872487431 0
0.2947700491160648 0.6079895799540489 1
0.24378391277103084 -1.336917522026405 1
-2.169511890528816 0.7815737997428263 0
1.6412938099154513 -0.2060675267238654 1
0.4161618319096896 -0.25044064919903075 1
-0.9737780824778991 0.37763656103208276 0
-1.2032530885804913 -0.35702922782671564 0
0.502853765382875 0.35466374240492876 1
0.5933303431529535 -0.8002811172803335 0
1.7137394350471586 1.7982908465237282 0
1.2248756318826828 0.9700371700454331 1
-0.24961640639807414 0.04094609806026567 1
-0.49434876649259996 1.1124850220058982 0
-0.7400370567156378 -1.3390669238283028 1
-1.1283218225551406 1.7258549309941942 0
-0.7313172102208177 -0.2123520611781599 1
-0.3349479082809822 -0.5678642744231635 1
0.45953293415160784 0.714561555375281 0
-0.6809510839310737 -0.06008695169058903 1
0.7108838635436989 -1.4354814582284208 1
-0.014786239650027316 1.2702526496298288 0
2.279873130495178 0.972640706554281 0
1.2739749456565763 1.1697897532073962 0
-0.1357750670441028 -0.910461629156049 0
-1.4766462169998298 0.5296589444754688 0
0.43314051808027754 0.13434348838595161 1
-0.14192484242925207 0.90447309980451 0
-0.6954646592944459 0.9666884085714832 0
0.7823839974860209 0.6467740075665459 0
0.5824757328627377 1.005346629244169 1
2.2296872603058766 -0.2797048972102428 1
-0.4279798052255662 1.0261406853875874 0
0.9512887064395785 -1.5605134929735174 1
-0.004709547308533346 1.4103259751226824 0
0.4869251841972254 -0.06773508486124097 0
0.8336907061614643 1.961724033672148 0
1.344541969800669 0.41122266136725827 0
0.0809875633186156 -0.2675398396191372 1
-0.03602217067050045 0.9986523626424999 1
0.6233617198935774 1.4833536360235806 0
-1.4758144949158871 -0.2820372272192543 0
1.9587142807491742 -0.5274575360858705 0
2.540814562762967 -0.6270081626823204 1
1.5828939143682006 -0.9936952571205021 1
-0.8554060366950268 1.0843920219612375 0
1.4366042056583193 0.9240276816942352 0
-0.04882124950131844 0.7001946133492186 1
-1.1406268426251962 -0.5129946527851489 0
0.306440699345806 0.8559053890652993 1
1.2308675025088598 -0.11904984433804677 0
0.4686504365938189 -0.7833919302840326 0
-0.8559500751845813 1.88341214675417 0
-1.4701569674648414 0.7415371826754613 0
1.7452103450187595 0.7203813141738574 1
2.5716995312166966 0.7496414428039258 1
0.5398200330594467 -0.38032117331824633 1
0.9644048221052703 1.02839513252961 1
1.3579295482541878 0.909098984385298 0
2.0815256849979202 -0.9254390162816898 1
1.6791751802092114 -0.030032389916844135 1
0.8542302367431385 0.4361746755399756 1
1.4657190097302581 0.634523385518087 1
1.3595155765567601 -0.4361332438870249 1
0.9834015151767466 0.8223740835123834 0
1.1825446576788914 -0.9748623880678755 1
0.23375913708240637 -0.7712062197021193 1
0.8031516995502508 0.20768099717637364 1
-1.459908407078085 1.7496277565145444 0
0.939766188975419 -0.18321238144255614 1
-0.6794430025874907 -0.5066715090599837 0
-0.7846428656639624 -0.5948289145432823 0
-0.0796700623598976 -0.08079919872491703 1
0.4532312491595235 0.7732950828582289 1
-0.8297306217595396 -0.13127043531777927 0
1.321609963427615 -0.36226840463354903 0
0.23770955668024907 -0.9857938617833736 0
1.3107580103359804 0.05972521943054432 1
-0.09578999197161486 -1.0888006469838212 1
-0.7343319622571649 -0.2615248212664526 1
1.2991320128969943 0.31187285534759007 0
0.3539517930870149 0.015312593586061685 1
2.5271944932678254 0.21755795047476975 0
-0.1082171903519083 -0.18543529491274252 1
1.3994430520230372 0.964946722029412 1
2.310592070295271 0.7854791850776403 1
2.1949464631012345 -0.33030339324230396 1
0.9506571482882438 1.0021724931912868 1
-0.06425911577922244 0.5684165521563638 0
-0.1299951656441523 1.6546558417387875 0
0.8025005857957647 0.1069858759156499 1
0.48865010769923956 -1.1328120053428345 1
1.324739794541572 0.12295340739045929 1
0.020797322448040646 0.8353974166550668 1
-0.7879185285116543 1.8425679261015668 0
2.2859234768701473 0.6378982255816841 0
0.9328090991709399 1.4145943572168198 0
0.622940485074075 -0.8340757188418235 1
1.3900055171524603 0.4981580062301375 1
1.3093641591188359 -0.09327060271416221 1
-0.42799162090947673 1.1407631813934755 0
0.15392144797525426 0.3327899603356319 0
0.2589373508039941 1.6630354754313494 1
2.326285897293209 -0.8411250823705777 1
0.09509961240129694 0.4441847856669866 1
1.723174737523539 -0.39974817591001843 1
1.1071279554780213 -0.7129537342526682 1
-0.31050819894200665 1.803859764936271 0
0.405980099195215 -0.8721634656194869 1
0.5861717883203021 0.052217728078279846 0
3.0095364158957 1.0394253213015192 1
0.09186385212996684 1.6467096004268416 0
2.6483747125008703 0.20459086028426204 1
1.8053773371848292 -0.1216566984084491 1
-0.8806501664143705 0.2768722833845902 0
1.3060176123316192 -0.46084575466371236 1
-0.0873346411340335 -0.22160634851214486 1
-0.74722647514402 0.5912488273543166 1
-0.09512828607233015 0.30910382731125147 1
2.167648659707033 0.328904892357578 1
-0.19978364601072246 -0.25383435256571096 0
0.724584629480309 -0.609388475528882 0
-0.7756147963499993 -0.14129984557213282 0
-0.32582120156318145 1.4374898073305864 0
0.8721444864893303 0.8694625049337495 0
-0.3213485661056423 0.7318014629392624 0
0.5230379410150846 0.1412148631564505 0
0.5570544268512075 2.1779407486608715 0
0.9775760941975277 -0.23158833065660198 1
0.0385685252780984 0.7140456925955055 0
1.7038679082728854 -1.9052951067769817 1
0.5341677172413528 1.5999958599064898 1
0.30348698173593736 -1.8310451259188323 1
1.9895642029428922 0.8836303768697515 0
1.0905914266865535 0.697973565607091 0
-0.31960305448614235 0.39238223144150947 0
0.787313337434725 -0.24508431603555558 1
2.556141873888642 0.21819404167480982 1
0.8749953135826329 -0.6018189715601396 1
-0.06518787233489198 -0.5569700998214138 1
0.4100250018419579 0.7902981710741017 0
0.48577531657195977 0.07141226796282635 1
0.8403529832660832 0.9726551992919946 1
-0.4428961529377766 -0.06977475872429235 1
-1.1727713478141144 -0.35807508941064636 0
0.7801374987947864 -0.46322437515601717 1
-0.4574001021176053 -0.28822367153881356 1
0.4693862255295931 -1.8100210102559509 0
1.7257819016000173 -0.5831867210323376 1
-0.04102251167943638 0.7770368914270878 0
-0.07761938986113426 1.4138919322198458 0
0.712842249640174 0.855855516329859 0
-0.754449854140037 -0.9778853322675422 1
1.103277724431516 -0.14921959663227263 1
1.3507534316546868 1.0893519122647761 1
1.3758518826243642 0.38177587135865787 0
0.3021331022867587 -0.43625233017069065 1
-1.2569806536750467 -0.06607176971117967 0
0.8970493080294033 0.18232226692868492 0
0.8619804235697823 1.265229244835476 0
-0.028182158919062873 0.6808267797253601 1
2.7636771697314915 -0.6969126665981317 1
-0.5970287998525236 -0.7403565904872239 1
1.43230875476769 0.1835506506108556 1
0.4111072581306498 0.6388090768993597 0
1.9679446940973728 1.1733357769646504 1
-0.7593801340995088 1.3994069878191846 0
0.04644562771945055 2.879893804293329 0
0.7283604918835178 1.9199980315277037 0
-0.5744593563763936 0.3083852371699648 0
1.611892585195734 0.693618237679686 1
-1.4616712970368282 0.18741066802686224 0
1.6493634246361522 0.3950279123140631 1
1.159172540328583 1.5220385602257411 0
0.2944772222095758 -0.8325146570068078 1
1.9075469609238538 -0.17523698306199736 1
1.4351932414294692 -0.5764723396571739 0
-1.7782945316598653 0.02003339135587434 0
0.9624652111469364 -0.6927421253589207 1
0.18182987121332156 0.9067582281096352 1
0.9652231261821532 -0.12913101645615313 1
1.7141178902637786 0.7874967357255277 1
-0.15038891340949057 0.4910217464236586 1
0.06011517537714117 -1.1788575030998996 1
1.0392042930863785 -0.7012940863596955 1
1.5625108746629193 0.7354463235010025 1
-0.33979115549504546 1.9453054624069663 0
0.7993404538017854 -0.36802046515420384 0
-0.13168697890181646 0.2567426937868563 1
-0.1295091894912173 -0.9593694541869764 1
1.4439459695920918 1.6705927684062236 1
0.8121367251115084 0.9495455229979317 0
0.14946248208492485 -1.6758865194792822 0
0.5637762099689518 -0.102525609598732 1
0.3688901325916978 1.0824041213766473 0
-0.060988456720686646 0.3756686873792633 0
1.0760342881289224 0.40732408653968033 1
0.8339905010491792 0.980653949837268 0
1.2217863240823235 -0.6686109520552908 0
0.8655132682944742 0.8390389115514586 0
2.3485776365306785 -0.20972536969637295 1
2.804439015320166 -0.9097856122996429 1
0.441077527460202 0.5072518485084212 1
0.7396083894355856 1.3136771840233779 0
0.6510075509239984 0.3933976832288254 1
0.8933896272926901 1.3251963818109216 0
0.4610654812882763 0.5051629498431534 1
-1.0171781544591298 0.22568288029457076 1
-1.0429138484638452 1.6974193454384172 0
0.9666367373218231 1.620556923481002 0
-0.7608118205793947 -0.05285167636117605 0
-0.013215687311530111 0.7293742929641436 0
1.5448752293843415 -0.44951092321561364 1
0.708869938150574 -0.768132960524652 1
1.1461672830586256 -0.17064259096708595 1
-0.7979643332313953 1.8492977092049614 0
1.3530126992871443 -0.42341595662279174 1
-0.7261853784867734 0.122726706876644 1
1.1363546035645604 0.17198856180524025 1
-0.3268021108989009 0.07395020272027514 1
-1.1275053799612431 0.5347594370341332 0
0.6442017835797258 -0.5998939085705643 1
2.1925808028925777 0.6142687582899322 1
-0.5150686134082572 0.022507850405873997 0
-0.0702491524165868 -0.17579623085014112 1
0.02389449858165471 -0.2955037741183169 1
-0.2533212918406515 0.7415227968304859 1
0.7124897686079181 -0.6689657346435958 1
0.11653285723641493 -1.6150922850482754 1
0.6264392996673688 -0.5205293560538538 1
-1.144467775758499 0.9039802083449271 0
-0.4600586882208118 0.057492478675017195 1
-0.08831261945028701 1.4773208906281616 1
0.40750339118689344 0.14943976664518754 1
0.9708073422191534 0.12306444569458308 0
1.1111904082625823 0.7780992193248163 0
1.1480266591644726 -0.2513471739004307 1
0.6762617529355711 -0.0875407494737227 1
-0.15593013025605407 0.739658061350561 0
-1.6117016674464968 0.36575429280222926 0
-1.0596848839879245 0.2291024012968479 0
0.42843308066593083 -1.822495621068875 1
2.358885305756763 0.7619856711442695 1
0.014907611845607627 -0.7625254485916324 1
-0.01896201618230675 -1.301145903898753 1
1.5592947314870582 -0.7676021307991799 1
-1.3131356688725289 0.6142982692064917 0
1.7043659747362518 -1.3242410940850566 1
1.3694163797921952 -0.03449822297267541 1
1.9892939654804782 -0.46130656478226745 1
0.07980956248376536 -0.3795194342951884 0
-0.9680235179908756 1.3534785240193088 0
0.16820095738853402 0.4769396391704377 1
2.1251164626138634 0.3637331786805079 1
0.2643243485621977 -0.14947312802839696 1
-1.7260158934356546 0.6878147834710805 0
0.4718721315997578 0.0868293975273452 0
2.7325866003023025 -0.7162743267152692 1
2.462375607831011 -1.1896207540316395 1
-1.1139542075070599 -0.5334154944333527 1
1.1533998159584737 0.14231892280439223 1
0.32019598454449993 0.16585242477428366 1
-0.8266659566782499 0.1760531295224336 1
1.6168347298634895 0.8530667191797652 0
0.7437421853018238 -1.8316056608831561 1
0.39106726942919434 1.2218098097114083 0
2.686816212866836 -0.9323275959628953 1
-0.5671894797770916 0.7343754729504756 0
1.3641047185391642 -0.9649320210897419 1
0.04799986951755497 -0.5291979535261839 0
1.5752170716339893 1.846558285738543 1
0.33836283156419156 0.23979905377329308 1
2.4112668921775673 -0.9749959845031484 1
-0.5834978630877166 1.390368908912237 0
1.1519115464413763 0.5749012110354492 0
-0.8034096401038093 1.3010854287273228 0
0.8774500548682145 1.6898734634074475 0
0.5832153854742629 -1.0741581782385161 1
-0.7149059467565005 -0.6089217537145284 0
1.6129787333396408 -1.1643278070559284 1
0.3105920575957908 -1.2804486571691662 1
-0.6744046504766461 1.3023480027327061 0
0.9668838426503535 2.2944084916204064 0
-0.22713815938202053 -0.3678141732303476 1
1.1592384462374399 0.943236554372651 1
1.1479054243065456 -0.33150127576474686 0
-0.14426830832195958 0.08454829005129283 0
0.42115283917080903 -1.1619101736310768 1
0.8418952424896174 0.5767643715002311 0
-0.5242178125117305 0.42853597948668065 0
0.24812265438016923 0.5248417936115066 0
0.1306160213465736 0.22321751505144996 1
0.41947050652898354 -0.8443095016517 0
1.4730124267876938 0.7875728605841037 1
-0.18241014290412683 0.8553759749897036 0
2.7142821518346762 -0.042899071517751464 0
1.621121698143213 -2.31488622778343 1
-1.7872992620049888 -1.1725663999649236 0
-0.5701243040968084 -0.9006272072414332 1
-0.08418747597224718 0.9325192203807982 0
0.07338019811561841 1.9850087380394603 0
1.2695521587792307 -1.3993453639309283 1
-0.4799633245859874 1.1005344222685014 0
0.6606097831862077 -1.2254537414803102 1
-2.0168231713535922 0.18519965556161908 0
-1.8493605713269743 0.3781576333670459 0
0.39841560612810345 -0.8802363042415813 1
0.17157964993028652 0.17817159218068357 0
-0.042520462788780626 0.8243032136942035 0
-0.02442191319866005 1.4104127395983919 0
2.204560156142963 0.8467212735520815 1
1.6136449229810603 -0.5230068633482138 1
0.41611369590397707 -1.048251180195075 1
0.03123695985056063 -0.9284296681873506 0
0.6920830420906188 -0.21530994195012648 1
0.4406294232455412 2.018507160275458 0
-0.42898770465254193 0.9644691790902501 0
1.90571836998277 0.7906367391691498 0
-1.098239838062887 1.2141775349592328 0
0.651054226385589 -0.3778267531806482 1
-0.20879609713105884 0.8097570000571386 0
3.2931159940418704 -0.3517875509693641 1
1.948870039839958 0.49493775612989904 1
0.28940534060049783 -0.7352757596475641 1
3.1725066307293615 -1.3669400505837808 1
1.7117912648735951 -0.9897468834027983 1
0.371304146002884 0.7597588561902111 1
0.24887573065035645 0.3830481026789745 1
0.6289872111739117 0.7214266418963398 0
0.8900252055122388 0.43111026622302 0
-0.09806748879190219 0.4660630272769818 0
0.16018192537047254 0.10226010941971522 1
0.413444307749838 -1.1991383406547247 0
-1.113255084711501 2.0166187828509603 0
-0.8822835806988919 1.2597980101672928 0
-0.917184401399367 0.2918473266294073 1
1.5052977939051848 -1.2401384411658483 1
